9.209627135553138942e+03 9.994005028041019614e+03
3.894126449682072689e+03 9.985496035582578770e+03
9.420626013219374727e+03 9.977180429317248127e+03
3.326100511286236269e+03 9.968671436858807283e+03
1.776031924181290378e+03 9.960162444401052198e+03
7.610924055369769121e+03 9.960162444401052198e+03
4.194413268487731330e+03 9.951653451943300752e+03
3.894126449682072689e+03 9.943337845677284349e+03
3.829155755082747419e+03 9.934828853219531084e+03
2.514527996010455809e+03 9.926319860761775999e+03
9.810076069336364526e+03 9.926319860761775999e+03
1.727397431101093844e+03 9.917810868304022733e+03
6.231325601696380545e+03 9.917810868304022733e+03
7.129317870063680402e+02 9.909495262038008150e+03
5.135677765307748814e+03 9.909495262038008150e+03
9.550442698591705266e+03 9.909495262038008150e+03
5.801222097518391820e+03 9.892477277121812222e+03
9.558548447437222421e+03 9.892477277121812222e+03
3.559047262749948004e+02 9.883968284664058956e+03
2.084424491832467083e+03 9.875459292206303871e+03
1.402668661929016253e+03 9.867143685940287469e+03
2.116847487218083188e+03 9.858634693482534203e+03
2.555056740243362128e+03 9.850125701024780938e+03
6.701957850107275590e+03 9.850125701024780938e+03
4.243047761566155714e+03 9.833301102301011269e+03
6.718169347800083415e+03 9.833301102301011269e+03
3.601945379723704264e+03 9.824792109843256185e+03
4.137548322733924579e+03 9.807774124927062076e+03
3.447811447811276139e+03 9.799458518661733251e+03
7.805586731513331870e+03 9.799458518661733251e+03
7.941139793002735132e+02 9.790949526203292407e+03
9.729018580870551887e+03 9.790949526203292407e+03
7.278214241178494376e+03 9.782440533745539142e+03
7.740740740742099661e+03 9.765615935021767655e+03
8.346427235331799466e+02 9.757106942564014389e+03
6.726275096645601479e+03 9.748597950106261123e+03
9.818181818181883500e+03 9.748597950106261123e+03
8.876917321361865106e+03 9.740088957647820280e+03
2.295423369498702414e+03 9.731773351382491455e+03
5.257513405662653895e+03 9.723264358924736371e+03
3.130066093100996127e+01 9.714755366466295527e+03
8.495448310264073370e+03 9.714755366466295527e+03
1.118718044644258271e+03 9.706246374008542261e+03
7.026561915451260575e+03 9.706246374008542261e+03
4.762439206883567749e+03 9.697737381550788996e+03
7.781269484973233375e+03 9.689421775284772593e+03
4.113231076195597780e+03 9.680912782827019328e+03
4.137548322733924579e+03 9.672403790369264243e+03
5.363012844494885030e+03 9.672403790369264243e+03
4.105125327348308019e+03 9.663894797910823399e+03
5.371118593342175700e+03 9.655579191645494575e+03
2.352163611424417013e+03 9.638561206729300466e+03
6.263748597081996195e+03 9.638561206729300466e+03
8.933657563287579251e+03 9.630052214271547200e+03
7.164484349670879965e+03 9.621736608006216557e+03
3.155630377852907259e+03 9.613227615547775713e+03
2.060107245292369043e+03 9.604718623090022447e+03
2.774161366755115523e+03 9.596209630632269182e+03
6.077066965955859814e+03 9.596209630632269182e+03
7.830028681881522971e+03 9.596209630632269182e+03
8.576630502556206920e+03 9.587894024366252779e+03
8.000374111484987225e+03 9.579385031908499514e+03
6.474747474748231980e+03 9.570876039450744429e+03
5.354907095649366966e+03 9.553858054534550320e+03
7.367377478489825080e+03 9.553858054534550320e+03
7.870557426114429290e+03 9.537033455810780652e+03
4.126449682007093429e+02 9.528524463353027386e+03
2.587604439457070839e+03 9.511699864629257718e+03
3.496445940891472674e+03 9.494681879713749368e+03
7.286319990024012441e+03 9.494681879713749368e+03
2.546950991396071913e+03 9.486172887255308524e+03
9.087916199028100891e+03 9.486172887255308524e+03
6.312507793990285791e+03 9.460839296073785590e+03
9.158249158253132691e+02 9.452330303616030506e+03
5.460406534481599010e+03 9.452330303616030506e+03
6.312507793990285791e+03 9.444014697350014103e+03
9.014839755581484496e+03 9.426996712434507572e+03
7.941139793002735132e+02 9.418487719976752487e+03
5.289936401048269545e+03 9.418487719976752487e+03
1.248534730016588128e+03 9.410172113710737904e+03
4.648834019205818549e+03 9.401663121252982819e+03
1.248534730016588128e+03 9.384645136336788710e+03
8.398054620277358481e+03 9.384645136336788710e+03
3.528868936277088778e+03 9.376136143879035444e+03
3.545205137797989664e+03 9.367820537613019042e+03
8.057239057238793976e+03 9.367820537613019042e+03
3.561416635490797489e+03 9.359311545155265776e+03
8.105873550318990965e+03 9.359311545155265776e+03
2.822920563661632514e+03 9.342293560239757426e+03
9.501683501683415670e+03 9.342293560239757426e+03
4.445940890386873434e+03 9.333977953973741023e+03
8.698341439083018486e+03 9.325468961515987758e+03
4.486469634618007149e+03 9.316959969058234492e+03
2.863449307894538833e+03 9.308450976599793648e+03
2.498316498317647529e+03 9.300135370334463005e+03
7.765057987280425550e+03 9.300135370334463005e+03
5.111360518769422924e+03 9.291626377876022161e+03
6.466641725900942220e+03 9.283117385418268896e+03
4.234942012720637649e+03 9.274608392960515630e+03
5.996009477491818870e+03 9.257783794236745962e+03
1.053747350044933228e+03 9.249274801778990877e+03
3.390946502057468933e+03 9.249274801778990877e+03
8.828158124455347206e+03 9.249274801778990877e+03
8.333083925676261060e+03 9.240765809321237612e+03
2.490210749470357314e+03 9.232450203055221209e+03
9.201521386707621787e+03 9.223941210597467943e+03
5.590223219853928640e+03 9.215432218139027100e+03
1.102506546951450218e+03 9.206923225681273834e+03
3.934655193914979009e+03 9.206923225681273834e+03
2.178575882290543007e+02 9.198414233223518750e+03
3.025813692480577629e+03 9.198414233223518750e+03
9.542336949744414596e+03 9.198414233223518750e+03
1.159246788877164818e+03 9.190098626957502347e+03
7.643347050755385681e+03 9.190098626957502347e+03
1.849108367627905636e+03 9.181589634499749081e+03
3.163736126700197474e+03 9.173080642041995816e+03
1.573138795362345263e+03 9.164571649584242550e+03
4.900361641103188049e+03 9.164571649584242550e+03
8.996134181325051031e+02 9.156256043318226148e+03
6.158249158249765060e+03 9.156256043318226148e+03
8.876917321361865106e+03 9.156256043318226148e+03
3.228706821299522744e+03 9.147747050860471063e+03
4.981543833397093294e+03 9.147747050860471063e+03
4.681257014591434199e+03 9.139238058402030219e+03
4.178201770794923505e+03 9.130729065944276954e+03
9.461154757452281046e+03 9.130729065944276954e+03
9.807956104264105761e+02 9.122413459678948129e+03
4.957226586856994800e+03 9.122413459678948129e+03
4.689362763436952264e+03 9.113904467220507286e+03
9.970071081192186284e+02 9.105395474762754020e+03
7.902980421500045850e+03 9.105395474762754020e+03
1.013218605812026794e+03 9.096886482304998935e+03
2.757949869062307243e+03 9.088570876038982533e+03
7.505424616535765381e+03 9.088570876038982533e+03
1.021324354657544745e+03 9.080061883581229267e+03
5.825539344058490315e+03 9.080061883581229267e+03
9.639730639731127667e+03 9.080061883581229267e+03
6.831774535479605220e+03 9.071552891123476002e+03
2.341937897499551013e+02 9.063043898665035158e+03
7.562164858461480435e+03 9.063043898665035158e+03
4.754333458038049685e+03 9.046219299941951249e+03
1.702955480734675120e+03 9.037710307483510405e+03
8.406160369124649151e+03 9.037710307483510405e+03
1.727397431101093844e+03 9.029201315025757140e+03
9.842623768550072782e+03 9.029201315025757140e+03
1.581244544207863100e+03 9.020692322568003874e+03
7.830028681881522971e+03 9.020692322568003874e+03
3.309764309765335383e+03 9.003867723844234206e+03
7.375483227335343145e+03 8.986849738928038278e+03
4.965332335702512864e+03 8.978534132662709453e+03
2.189923930664698673e+03 8.961516147746515344e+03
6.231325601696380545e+03 8.953007155288762078e+03
1.530115974560496568e+02 8.944691549023433254e+03
8.260132186059510786e+03 8.944691549023433254e+03
4.997755331089901119e+03 8.936182556564992410e+03
5.019329093419049173e+02 8.927673564107237326e+03
6.320613542835803855e+03 8.919164571649484060e+03
2.822920563661632514e+03 8.902339972925714392e+03
6.101508916324050915e+03 8.902339972925714392e+03
9.940017458536787672e+03 8.902339972925714392e+03
2.839132061354440339e+03 8.893830980467959307e+03
3.658810325477511469e+03 8.885321988009518464e+03
3.585733882030895984e+03 8.877006381744189639e+03
8.852475370993674005e+03 8.877006381744189639e+03
6.377353784761518000e+03 8.868497389286436373e+03
7.697967327601752459e+02 8.859988396827995530e+03
6.004115226337336935e+03 8.859988396827995530e+03
5.419753086420600084e+03 8.834654805646472596e+03
1.935403416889560333e+02 8.826145813188717511e+03
7.927422371868236041e+03 8.826145813188717511e+03
1.662426736501768573e+03 8.817636820730964246e+03
7.440453921936440565e+03 8.817636820730964246e+03
5.241177204139980859e+03 8.809127828272523402e+03
1.767926175334000163e+03 8.800812222007194578e+03
2.473999251777549489e+03 8.792303229549441312e+03
8.649582242174728890e+03 8.792303229549441312e+03
7.375483227335343145e+03 8.783794237091000468e+03
1.532610051129438716e+03 8.775285244633245384e+03
4.786756453423666244e+03 8.775285244633245384e+03
6.766928544706600405e+03 8.775285244633245384e+03
6.004115226337336935e+03 8.766969638367228981e+03
3.480234443198664394e+03 8.758460645909475716e+03
8.714552936775826311e+03 8.758460645909475716e+03
3.528868936277088778e+03 8.749951653451722450e+03
7.448559670781958630e+03 8.741442660993969184e+03
6.474747474748231980e+03 8.733127054727952782e+03
5.346676642973984599e+03 8.724618062270197697e+03
3.975308641975977935e+03 8.707600077354003588e+03
3.569522384338087704e+03 8.699091084896250322e+03
7.651452799600903745e+03 8.690775478630233920e+03
5.346676642973984599e+03 8.682266486172480654e+03
2.587604439457070839e+03 8.665248501256972304e+03
7.615662800847924245e+02 8.639914910075449370e+03
8.065344806086084645e+03 8.623090311351677883e+03
4.316124205014542895e+03 8.614581318893237039e+03
7.951739618406562840e+03 8.614581318893237039e+03
3.934655193914979009e+03 8.606072326435483774e+03
8.065344806086084645e+03 8.606072326435483774e+03
5.744357151764585069e+03 8.589247727711714106e+03
2.693103878289302429e+03 8.580738735253960840e+03
7.992268362639469160e+03 8.580738735253960840e+03
3.155630377852907259e+03 8.563720750338452490e+03
4.291806958474445310e+03 8.555405144072436087e+03
6.560668412525608346e+02 8.538387159156241978e+03
7.529741863075863876e+03 8.529878166698488712e+03
3.317870058610853448e+03 8.521369174240733628e+03
4.421623643846774939e+03 8.513053567974717225e+03
2.782267115600633133e+03 8.496035583059210694e+03
7.805586731513331870e+03 8.487526590601457428e+03
3.407157999752048909e+03 8.479210984335441026e+03
6.036538221724725190e+03 8.479210984335441026e+03
5.679511160993351950e+03 8.470701991877685941e+03
3.269235565532429064e+03 8.453684006961491832e+03
8.625264995636402091e+03 8.453684006961491832e+03
4.949120838009705039e+03 8.445368400696163008e+03
7.732634991894808991e+03 8.445368400696163008e+03
5.561790747110822508e+01 8.436859408237722164e+03
8.276343683752320430e+03 8.436859408237722164e+03
2.271106122958603919e+03 8.428350415779968898e+03
7.140167103130781470e+03 8.419841423322213814e+03
5.817433595211199645e+03 8.411525817056199230e+03
4.608305274972912230e+03 8.403016824598444146e+03
8.381843122584550656e+03 8.403016824598444146e+03
4.380970195785776014e+03 8.394507832140690880e+03
3.130066093100996127e+01 8.385998839682250036e+03
9.566654196284513091e+03 8.385998839682250036e+03
7.935528120713754106e+03 8.369174240959166127e+03
1.532610051129438716e+03 8.360665248500725284e+03
6.182566404789863554e+03 8.360665248500725284e+03
8.276343683752320430e+03 8.352156256042972018e+03
5.241177204139980859e+03 8.343647263585218752e+03
4.519017333833488010e+03 8.335331657319202350e+03
7.059109614664968831e+03 8.326822664861449084e+03
4.527123082679006075e+03 8.318313672403694000e+03
7.432348173089150805e+03 8.318313672403694000e+03
6.320613542835803855e+03 8.309804679945253156e+03
7.821922933034232301e+03 8.309804679945253156e+03
8.779523631376923731e+03 8.309804679945253156e+03
1.773288439961479241e+02 8.301489073679924331e+03
9.647836388578418337e+03 8.292980081222171066e+03
5.993265993268463490e+02 8.284471088763730222e+03
8.008479860332276985e+03 8.284471088763730222e+03
2.100635989525275363e+03 8.267646490040648132e+03
9.501683501683415670e+03 8.267646490040648132e+03
5.939144531738012120e+03 8.259137497582207288e+03
6.155380970196545150e+02 8.242119512666698938e+03
7.351165980797017255e+03 8.242119512666698938e+03
9.599077191670128741e+03 8.242119512666698938e+03
5.947250280583530184e+03 8.233803906400682536e+03
4.916573138795995874e+03 8.225294913942929270e+03
8.795735129069731556e+03 8.216785921485176004e+03
8.381843122584550656e+03 8.208276929026735161e+03
3.918443696222170729e+03 8.199961322761404517e+03
7.513530365383056051e+03 8.191452330303651252e+03
5.906721536352395560e+03 8.182943337845210408e+03
1.240428981171070291e+03 8.174434345387457142e+03
7.545953360768672610e+03 8.174434345387457142e+03
6.150143409402475299e+03 8.157609746663686565e+03
4.851727148024763665e+03 8.149100754205933299e+03
1.611173463033397866e+02 8.140591761748179124e+03
6.012220975184626695e+03 8.140591761748179124e+03
4.827409901484665170e+03 8.132082769289738280e+03
7.602818306522479361e+03 8.132082769289738280e+03
1.611173463033397866e+02 8.123767163024409456e+03
1.773288439961479241e+02 8.115258170566655281e+03
7.627135553062577856e+03 8.115258170566655281e+03
9.185185185184949660e+03 8.115258170566655281e+03
3.940640977830009462e+01 8.106749178108214437e+03
7.448559670781958630e+03 8.106749178108214437e+03
9.096021947873618046e+03 8.106749178108214437e+03
4.908467389948706114e+03 8.098240185650461171e+03
9.152762189799332191e+03 8.098240185650461171e+03
6.628881406660660105e+03 8.089924579384444769e+03
9.842623768550072782e+03 8.089924579384444769e+03
4.908467389948706114e+03 8.072906594468937328e+03
7.643347050755385681e+03 8.072906594468937328e+03
5.181444070347130264e+02 8.056081995745166751e+03
6.580246913580463115e+03 8.056081995745166751e+03
7.643347050755385681e+03 8.056081995745166751e+03
9.956228956229595497e+03 8.056081995745166751e+03
5.669036039412301307e+02 8.047573003287413485e+03
7.830028681881522971e+03 8.047573003287413485e+03
8.998628257888676671e+03 8.039064010829659310e+03
4.535228831526296744e+03 8.030555018371218466e+03
9.793864571643556701e+03 8.030555018371218466e+03
4.451926674161904316e+02 8.022239412105889642e+03
4.981543833397093294e+03 8.022239412105889642e+03
6.701957850107275590e+03 8.022239412105889642e+03
8.178949993765605541e+03 8.022239412105889642e+03
7.210375358536581416e+02 8.013730419647448798e+03
6.718169347800083415e+03 8.013730419647448798e+03
6.101508916324050915e+03 8.005221427189694623e+03
6.888639481233411971e+03 7.988203442274187182e+03
9.071579997507198641e+03 7.988203442274187182e+03
3.964334705079011769e+02 7.979887836008170780e+03
6.507170470133848539e+03 7.979887836008170780e+03
5.898615787505105800e+03 7.971378843550417514e+03
9.453049008604992196e+03 7.971378843550417514e+03
1.865319865320713916e+03 7.962869851092663339e+03
6.864322234693314385e+03 7.962869851092663339e+03
5.119466267614940989e+03 7.954360858634222495e+03
3.285447063225237343e+03 7.946045252368893671e+03
8.422371866817456976e+03 7.946045252368893671e+03
5.509041027560023394e+03 7.937536259910452827e+03
7.278214241178494376e+03 7.937536259910452827e+03
6.174460655942572885e+03 7.929027267452698652e+03
9.022945504427003470e+03 7.929027267452698652e+03
6.052749719417533925e+03 7.920518274994945386e+03
6.815563037785024790e+03 7.920518274994945386e+03
7.976056864946660426e+03 7.912202668728928984e+03
3.520763187429798563e+03 7.903693676271174809e+03
6.799351540092216965e+03 7.903693676271174809e+03
1.289063474249494675e+03 7.895184683813421543e+03
9.071579997507198641e+03 7.895184683813421543e+03
1.208005985783681808e+03 7.886675691355667368e+03
7.132061354283491710e+03 7.886675691355667368e+03
8.032921810700468086e+03 7.886675691355667368e+03
3.309764309765335383e+03 7.878360085089650966e+03
1.329716922310493601e+03 7.869851092631897700e+03
8.113979299164509030e+03 7.869851092631897700e+03
1.159246788877164818e+03 7.861342100173456856e+03
3.261129816686910999e+03 7.861342100173456856e+03
5.379224342187693765e+03 7.861342100173456856e+03
1.849108367627905636e+03 7.852833107715702681e+03
7.310637236564110935e+03 7.852833107715702681e+03
7.048260381608500893e+02 7.844324115257949416e+03
3.309764309765335383e+03 7.844324115257949416e+03
6.831774535479605220e+03 7.844324115257949416e+03
8.438583364510264801e+03 7.844324115257949416e+03
1.865319865320713916e+03 7.836008508991933013e+03
7.326848734256918760e+03 7.836008508991933013e+03
1.784137673026808443e+03 7.827499516534178838e+03
8.024816061853177416e+03 7.827499516534178838e+03
1.286943509177235399e+02 7.818990524076425572e+03
9.063474248659909790e+03 7.818990524076425572e+03
4.543334580371814809e+03 7.810481531618671397e+03
1.735503179948384059e+03 7.802165925352654995e+03
5.785010599825583995e+03 7.802165925352654995e+03
8.527871305649689020e+03 7.793656932894901729e+03
3.293552812072527558e+03 7.785147940436460885e+03
3.894126449682072689e+03 7.776638947978706710e+03
9.582865693977320916e+03 7.776638947978706710e+03
5.630751964085063264e+03 7.768323341713377886e+03
2.311634867191510693e+03 7.759814349254937042e+03
2.100635989525275363e+03 7.751305356797182867e+03
1.970819304152945278e+03 7.742796364339429601e+03
6.969821673525545521e+03 7.734480758073413199e+03
2.027559546078659878e+03 7.725971765615659933e+03
4.372864446938485344e+03 7.725971765615659933e+03
9.793864571643556701e+03 7.725971765615659933e+03
2.595710188304361054e+03 7.717462773157905758e+03
2.206135428357506953e+03 7.708953780699464915e+03
5.525252525252831219e+03 7.708953780699464915e+03
8.333083925676261060e+03 7.700638174434136090e+03
4.397306397306676445e+03 7.692129181976381915e+03
3.058236687866193733e+03 7.683620189517941071e+03
8.471131063723974876e+03 7.683620189517941071e+03
6.880533732386122210e+03 7.675111197060186896e+03
8.915076692869871522e+02 7.666602204602433630e+03
8.406160369124649151e+03 7.666602204602433630e+03
3.640104751222849586e+02 7.649777605878663962e+03
9.834518019704555627e+03 7.649777605878663962e+03
4.437835141539582764e+03 7.641268613420909787e+03
8.454919566031167051e+03 7.641268613420909787e+03
4.202519017335021090e+03 7.632759620962468944e+03
6.109614665171340675e+03 7.632759620962468944e+03
3.301658560918045168e+03 7.624444014697140119e+03
9.047262750967101965e+03 7.624444014697140119e+03
3.756204015464224995e+03 7.607426029780945100e+03
5.249407656815363225e+03 7.590601431057862101e+03
7.602818306522479361e+03 7.590601431057862101e+03
6.580246913580463115e+03 7.582092438599421257e+03
9.607182940517419411e+03 7.582092438599421257e+03
8.203267240305704036e+03 7.573583446141667991e+03
3.301658560918045168e+03 7.565074453683913816e+03
8.844369622148155031e+03 7.565074453683913816e+03
4.532984162617083825e+02 7.556758847417897414e+03
3.196159122085813578e+03 7.556758847417897414e+03
6.572141164734945960e+03 7.556758847417897414e+03
8.568524753710687946e+03 7.556758847417897414e+03
5.912208504813283980e+02 7.548249854960144148e+03
6.710063598952793654e+03 7.539740862502389973e+03
7.846240179574330796e+03 7.539740862502389973e+03
1.500062351915729778e+03 7.531231870043949129e+03
9.712682379349651455e+03 7.531231870043949129e+03
6.560668412525608346e+02 7.522916263778620305e+03
3.407157999752048909e+03 7.522916263778620305e+03
4.040154632747210599e+03 7.514407271320866130e+03
6.856216485846023716e+03 7.514407271320866130e+03
8.487342561416782701e+03 7.514407271320866130e+03
6.236438458669446163e+02 7.497389286404672021e+03
1.630003741116152469e+03 7.497389286404672021e+03
3.447811447811276139e+03 7.497389286404672021e+03
9.168973687492140016e+03 7.497389286404672021e+03
6.823668786632315459e+03 7.488880293946917845e+03
6.074323481741364503e+02 7.480564687680901443e+03
5.444070332960697669e+03 7.480564687680901443e+03
8.657687991022019560e+03 7.480564687680901443e+03
2.806709065968824234e+03 7.472055695223148177e+03
6.101508916324050915e+03 7.472055695223148177e+03
8.811946626762539381e+03 7.472055695223148177e+03
8.057239057238793976e+03 7.463546702765394002e+03
1.094400798105932154e+03 7.455037710306953159e+03
6.101508916324050915e+03 7.455037710306953159e+03
7.188926300037299370e+03 7.455037710306953159e+03
8.600947749096303596e+03 7.455037710306953159e+03
4.243047761566155714e+03 7.438213111583870159e+03
9.599077191670128741e+03 7.438213111583870159e+03
7.067215363512259501e+03 7.429704119125429315e+03
6.109614665171340675e+03 7.421195126667676050e+03
8.909340316747480756e+03 7.412879520401659647e+03
6.109614665171340675e+03 7.404370527943905472e+03
3.301658560918045168e+03 7.395861535486152206e+03
8.803840877915248711e+03 7.395861535486152206e+03
4.072702331962691915e+03 7.387352543028398031e+03
8.154632747225507956e+03 7.387352543028398031e+03
1.711061229580192958e+03 7.379036936762381629e+03
6.077066965955859814e+03 7.379036936762381629e+03
3.301658560918045168e+03 7.370527944304628363e+03
7.586482105001578930e+03 7.370527944304628363e+03
9.972440453922403321e+03 7.370527944304628363e+03
3.301658560918045168e+03 7.353509959388433344e+03
9.972440453922403321e+03 7.353509959388433344e+03
5.216859957601654969e+03 7.345194353123104520e+03
4.080808080808209525e+03 7.336685360664663676e+03
7.886768923807237115e+03 7.336685360664663676e+03
9.956228956229595497e+03 7.336685360664663676e+03
4.251153510413445474e+03 7.328176368206909501e+03
8.081556303778892470e+03 7.328176368206909501e+03
9.371866816311085131e+03 7.328176368206909501e+03
1.670532485347286638e+03 7.319667375749156236e+03
5.200648459908846235e+03 7.311158383291402060e+03
2.116847487218083188e+03 7.302842777025385658e+03
7.935528120713754106e+03 7.294333784567632392e+03
7.619029804215287186e+03 7.285824792109878217e+03
8.576630502556206920e+03 7.285824792109878217e+03
8.089662052626182231e+03 7.277315799651437374e+03
7.367377478489825080e+03 7.269000193386108549e+03
8.057239057238793976e+03 7.269000193386108549e+03
1.702955480734675120e+03 7.260491200927667705e+03
8.674024192542919991e+03 7.260491200927667705e+03
9.777653073950748876e+03 7.260491200927667705e+03
2.660556179075593718e+03 7.251982208469913530e+03
6.101508916324050915e+03 7.251982208469913530e+03
9.274473126326143756e+03 7.251982208469913530e+03
3.106871180946390268e+03 7.243473216012160265e+03
5.452176081806215734e+03 7.243473216012160265e+03
9.201521386707621787e+03 7.243473216012160265e+03
7.042773413144068400e+03 7.235157609746143862e+03
3.991520139668786214e+03 7.226648617288389687e+03
9.209627135553138942e+03 7.226648617288389687e+03
9.940017458536787672e+03 7.226648617288389687e+03
5.233071455294462794e+03 7.218139624830636421e+03
8.625264995636402091e+03 7.218139624830636421e+03
5.874173837136914699e+03 7.209630632372882246e+03
8.560419004863397276e+03 7.209630632372882246e+03
3.739867813943324109e+03 7.201315026106866753e+03
8.008479860332276985e+03 7.201315026106866753e+03
9.883152512782979102e+03 7.201315026106866753e+03
9.720788128196940306e+03 7.192806033649112578e+03
7.237560793117495450e+03 7.184297041190671735e+03
4.332335702707351629e+03 7.175788048732917559e+03
8.105873550318990965e+03 7.175788048732917559e+03
8.560419004863397276e+03 7.167472442467588735e+03
6.823668786632315459e+03 7.158963450009147891e+03
9.866941015090171277e+03 7.158963450009147891e+03
9.371866816311085131e+03 7.150454457551393716e+03
3.642474123956610583e+03 7.141945465093640451e+03
7.026561915451260575e+03 7.141945465093640451e+03
8.641476493329209916e+03 7.141945465093640451e+03
9.477366255145088871e+03 7.141945465093640451e+03
7.951739618406562840e+03 7.133436472635886275e+03
5.224965706447173034e+03 7.125120866369870782e+03
8.454919566031167051e+03 7.116611873912116607e+03
1.021324354657544745e+03 7.108102881453675764e+03
9.826287567029172351e+03 7.108102881453675764e+03
6.523381967826656364e+03 7.099593888995921589e+03
8.641476493329209916e+03 7.099593888995921589e+03
3.747973562788842173e+03 7.091278282730592764e+03
8.519765556802398351e+03 7.091278282730592764e+03
8.316872427983453235e+03 7.082769290272151920e+03
1.873425614166231753e+03 7.074260297814397745e+03
4.859832896870281729e+03 7.074260297814397745e+03
7.756952238434907485e+03 7.074260297814397745e+03
9.388078314005666471e+03 7.074260297814397745e+03
8.670657189187961649e+02 7.065751305356644480e+03
4.835515650331954930e+03 7.057435699090628077e+03
8.211372989151223010e+03 7.057435699090628077e+03
9.883152512782979102e+03 7.057435699090628077e+03
2.741738371369498964e+03 7.048926706632874811e+03
7.505424616535765381e+03 7.048926706632874811e+03
8.852475370993674005e+03 7.048926706632874811e+03
4.867938645717571490e+03 7.040417714175120636e+03
9.558548447437222421e+03 7.040417714175120636e+03
2.741738371369498964e+03 7.031908721716679793e+03
8.406160369124649151e+03 7.031908721716679793e+03
8.820052375608058355e+03 7.031908721716679793e+03
8.560419004863397276e+03 7.023593115451350968e+03
2.757949869062307243e+03 7.015084122993596793e+03
8.584736251403495771e+03 7.015084122993596793e+03
8.446813817185648077e+03 7.006575130535155949e+03
3.918443696222170729e+03 6.998066138077402684e+03
8.016585609179566745e+03 6.998066138077402684e+03
3.869809203143746345e+03 6.989557145619648509e+03
9.177079436339430686e+03 6.989557145619648509e+03
6.344930789375902350e+03 6.972732546895878841e+03
7.310637236564110935e+03 6.964223554438124665e+03
9.158249158253132691e+02 6.955714561979683822e+03
6.886145404662697729e+02 6.947398955714354997e+03
9.526125452051606771e+03 6.947398955714354997e+03
7.545953360768672610e+03 6.938889963256600822e+03
3.983414390823268150e+03 6.930380970798159979e+03
8.479236812571265546e+03 6.930380970798159979e+03
8.113979299164509030e+03 6.921871978340406713e+03
1.630003741116152469e+03 6.913556372075076979e+03
8.422371866817456976e+03 6.913556372075076979e+03
5.103254769922133164e+03 6.905047379616636135e+03
7.911086170345563914e+03 6.905047379616636135e+03
4.656939768051336614e+03 6.888029394701128695e+03
8.211372989151223010e+03 6.888029394701128695e+03
5.273724903355461720e+03 6.879713788435112292e+03
9.404289811698474296e+03 6.879713788435112292e+03
4.316124205014542895e+03 6.871204795977359026e+03
7.610924055369769121e+03 6.871204795977359026e+03
5.176331213368748649e+03 6.862695803519604851e+03
7.773163736127715310e+03 6.862695803519604851e+03
5.192542711061556474e+03 6.854186811061164008e+03
7.941139793002735132e+02 6.845871204795835183e+03
7.132061354283491710e+03 6.845871204795835183e+03
8.901234567901963601e+03 6.845871204795835183e+03
6.823668786632315459e+03 6.837362212338081008e+03
9.729018580870551887e+03 6.837362212338081008e+03
4.324229953860060959e+03 6.828853219879640164e+03
9.258261628633335931e+03 6.828853219879640164e+03
3.179947624393005754e+03 6.820344227421886899e+03
7.927422371868236041e+03 6.820344227421886899e+03
9.696470881656843630e+03 6.820344227421886899e+03
8.519765556802398351e+03 6.811835234964132724e+03
1.954607806460137226e+03 6.803519628698116321e+03
8.373737373737261805e+03 6.803519628698116321e+03
3.301658560918045168e+03 6.795010636240363056e+03
6.288065843622094690e+03 6.795010636240363056e+03
7.854345928419848860e+03 6.795010636240363056e+03
9.290684624018953400e+03 6.795010636240363056e+03
2.222346926052086928e+03 6.786501643782608880e+03
7.878663174959947355e+03 6.786501643782608880e+03
4.721910462652433125e+03 6.777992651324168037e+03
7.805586731513331870e+03 6.777992651324168037e+03
9.964334705075112652e+03 6.777992651324168037e+03
2.741738371369498964e+03 6.769677045058839212e+03
2.254769921437703488e+03 6.761168052601085037e+03
4.900361641103188049e+03 6.761168052601085037e+03
9.355655318618277306e+03 6.761168052601085037e+03
2.027559546078659878e+03 6.752659060142644194e+03
7.813817184188715146e+03 6.752659060142644194e+03
2.828282828283794856e+02 6.744150067684890928e+03
2.263000374111314159e+03 6.744150067684890928e+03
4.275470756953543969e+03 6.744150067684890928e+03
8.357525876044452161e+03 6.744150067684890928e+03
5.993265993268463490e+02 6.735834461418874525e+03
5.005861079935419184e+03 6.735834461418874525e+03
1.767926175334000163e+03 6.727325468961120350e+03
4.673151265744144439e+03 6.718816476503367085e+03
9.712682379349651455e+03 6.718816476503367085e+03
2.990397805211875948e+02 6.710307484045612910e+03
1.638109489961670306e+03 6.710307484045612910e+03
5.411647337573309414e+03 6.710307484045612910e+03
1.654320987654478586e+03 6.701991877779596507e+03
6.856216485846023716e+03 6.701991877779596507e+03
1.854345928434380539e+02 6.693482885321843241e+03
1.516398553436630664e+03 6.693482885321843241e+03
5.557675520638447779e+03 6.693482885321843241e+03
8.430477615662975950e+03 6.693482885321843241e+03
1.605561790747961368e+03 6.684973892864089066e+03
4.405412146153967115e+03 6.684973892864089066e+03
1.110612295798740433e+03 6.676464900405648223e+03
2.263000374111314159e+03 6.676464900405648223e+03
2.628133183689977159e+03 6.668149294140319398e+03
7.935528120713754106e+03 6.668149294140319398e+03
9.680259383964033987e+03 6.668149294140319398e+03
1.605561790747961368e+03 6.659640301681878555e+03
7.245666541963013515e+03 6.659640301681878555e+03
1.086295049258642166e+03 6.651131309224124379e+03
4.721910462652433125e+03 6.651131309224124379e+03
9.696470881656843630e+03 6.651131309224124379e+03
4.288564658935174521e+02 6.642622316766371114e+03
9.006734006734193827e+03 6.642622316766371114e+03
3.991520139668786214e+03 6.634113324308616939e+03
7.408030926550824006e+03 6.634113324308616939e+03
4.859832896870281729e+03 6.625797718042600536e+03
8.974186307520485570e+03 6.625797718042600536e+03
4.776156628018066499e+02 6.617288725584847271e+03
6.848110737000505651e+03 6.617288725584847271e+03
1.694849731887384905e+03 6.608779733127093095e+03
9.582865693977320916e+03 6.600270740668652252e+03
2.676767676768401543e+03 6.591955134403323427e+03
8.487342561416782701e+03 6.591955134403323427e+03
9.307020825539853831e+03 6.591955134403323427e+03
8.996134181325051031e+02 6.583446141944882584e+03
9.655942137423937311e+03 6.583446141944882584e+03
3.334206260133526484e+03 6.574937149487128409e+03
7.570270607308770195e+03 6.574937149487128409e+03
8.252026437212221936e+03 6.566428157029375143e+03
6.125826162864148500e+03 6.558112550763358740e+03
6.724030427734617206e+02 6.549603558305604565e+03
7.805586731513331870e+03 6.549603558305604565e+03
9.964334705075112652e+03 6.549603558305604565e+03
7.846240179574330796e+03 6.541094565847851300e+03
6.117720414016858740e+03 6.532585573390097125e+03
1.751714677641192111e+03 6.524269967124081631e+03
5.224965706447173034e+03 6.524269967124081631e+03
5.931038782890721450e+03 6.524269967124081631e+03
2.741738371369498964e+03 6.507251982207886613e+03
7.830028681881522971e+03 6.507251982207886613e+03
9.607182940517419411e+03 6.507251982207886613e+03
2.522633744855973418e+03 6.498742989750132438e+03
8.706447187928535641e+03 6.498742989750132438e+03
5.005861079935419184e+03 6.490427383484803613e+03
9.534231200898897441e+03 6.490427383484803613e+03
1.216111734630972023e+03 6.481918391026362769e+03
5.038408779150900045e+03 6.481918391026362769e+03
9.875046763935690251e+03 6.481918391026362769e+03
9.526125452051606771e+03 6.473409398568609504e+03
6.872427983538832450e+03 6.464900406110855329e+03
5.338570894126693929e+03 6.456391413653101154e+03
9.526125452051606771e+03 6.456391413653101154e+03
1.053747350044933228e+03 6.448075807387085661e+03
8.909340316747480756e+03 6.448075807387085661e+03
7.042773413144068400e+03 6.439566814929331485e+03
9.006734006734193827e+03 6.439566814929331485e+03
4.210624766180539154e+03 6.422548830013136467e+03
7.489213118842957556e+03 6.422548830013136467e+03
8.844369622148155031e+03 6.422548830013136467e+03
9.501683501683415670e+03 6.422548830013136467e+03
6.142037660556957235e+03 6.414233223747807642e+03
8.966080558673194901e+03 6.414233223747807642e+03
8.195161491458413366e+03 6.405724231289366799e+03
2.944631500188444079e+03 6.397215238831613533e+03
8.073450554933374406e+03 6.397215238831613533e+03
8.024816061853177416e+03 6.388706246373859358e+03
7.830028681881522971e+03 6.380390640107842955e+03
9.307020825539853831e+03 6.380390640107842955e+03
4.451926674161904316e+02 6.371881647650089690e+03
7.172714802344490636e+03 6.371881647650089690e+03
1.159246788877164818e+03 6.363372655192335515e+03
5.013966828782709854e+03 6.363372655192335515e+03
9.436837510912182552e+03 6.363372655192335515e+03
2.011348048385851826e+03 6.354863662733894671e+03
7.765057987280425550e+03 6.354863662733894671e+03
7.781269484973233375e+03 6.346548056468565846e+03
9.907469759321305901e+03 6.346548056468565846e+03
1.508168100761247842e+03 6.338039064010811671e+03
4.369622147408076103e+02 6.329530071552370828e+03
7.748846489587617725e+03 6.329530071552370828e+03
7.594712557676961296e+03 6.321021079094617562e+03
6.198777902482671379e+03 6.312705472829287828e+03
5.444070332960697669e+03 6.304196480370846984e+03
3.236812570146812959e+03 6.295687487913093719e+03
5.533358274100121889e+03 6.295687487913093719e+03
9.379972565158375801e+03 6.295687487913093719e+03
6.848110737000505651e+03 6.287178495455339544e+03
9.112233445568197567e+03 6.287178495455339544e+03
4.981543833397093294e+03 6.278669502996898700e+03
8.041027559545986151e+03 6.278669502996898700e+03
5.509041027560023394e+03 6.270353896731569876e+03
9.047262750967101965e+03 6.270353896731569876e+03
5.963461778278109705e+03 6.261844904273815700e+03
4.778650704578148179e+03 6.253335911815374857e+03
3.601945379723704264e+03 6.244826919357621591e+03
6.353036538223192110e+03 6.244826919357621591e+03
3.999625888516076429e+03 6.236511313092291857e+03
6.912956727771738770e+03 6.236511313092291857e+03
5.444070332960697669e+03 6.228002320633851014e+03
8.690235690235727816e+03 6.219493328176097748e+03
7.870557426114429290e+03 6.210984335718343573e+03
9.737124329717842556e+03 6.210984335718343573e+03
6.515276218981138300e+03 6.202668729452327170e+03
1.459533607682823458e+03 6.194159736994573905e+03
8.219478737998511860e+03 6.194159736994573905e+03
9.737124329717842556e+03 6.194159736994573905e+03
5.630751964085063264e+03 6.185650744536819730e+03
9.907469759321305901e+03 6.185650744536819730e+03
6.479610924070428837e+02 6.177141752078378886e+03
7.602818306522479361e+03 6.177141752078378886e+03
7.067215363512259501e+03 6.168826145813050061e+03
9.493577752837898515e+03 6.168826145813050061e+03
2.944631500188444079e+03 6.160317153355295886e+03
6.904850978926220705e+03 6.160317153355295886e+03
8.081556303778892470e+03 6.160317153355295886e+03
4.126449682007093429e+02 6.151808160896855043e+03
7.602818306522479361e+03 6.151808160896855043e+03
9.355655318618277306e+03 6.151808160896855043e+03
2.644344681382785438e+03 6.143299168439101777e+03
9.282578875171662730e+03 6.134790175981347602e+03
8.868686868688253526e+03 6.126474569715331199e+03
7.472876917322057125e+03 6.117965577257577934e+03
8.252026437212221936e+03 6.117965577257577934e+03
5.785010599825583995e+03 6.109456584799823759e+03
8.966080558673194901e+03 6.109456584799823759e+03
2.100635989525275363e+03 6.100947592341382915e+03
8.844369622148155031e+03 6.100947592341382915e+03
6.166354907097054820e+03 6.092631986076054091e+03
8.763187429854249785e+03 6.092631986076054091e+03
7.984162613792178490e+03 6.084122993618299915e+03
9.818181818181883500e+03 6.084122993618299915e+03
5.793116348672873755e+03 6.075614001159859072e+03
7.797480982666042109e+03 6.075614001159859072e+03
8.982416760195868846e+03 6.075614001159859072e+03
7.570270607308770195e+03 6.067105008702105806e+03
8.414266117970168125e+03 6.067105008702105806e+03
7.123955605437973645e+03 6.058789402436089404e+03
9.404289811698474296e+03 6.058789402436089404e+03
7.651452799600903745e+03 6.050280409978335229e+03
1.889637111860811956e+03 6.041771417520581963e+03
7.594712557676961296e+03 6.041771417520581963e+03
4.908467389948706114e+03 6.033262425062827788e+03
7.935528120713754106e+03 6.033262425062827788e+03
9.071579997507198641e+03 6.033262425062827788e+03
3.545205137797989664e+03 6.024946818796811385e+03
6.791245791246698900e+03 6.024946818796811385e+03
8.308766679137936080e+03 6.024946818796811385e+03
5.849856590598587900e+03 6.016437826339058120e+03
7.399925177703534246e+03 6.016437826339058120e+03
8.178949993765605541e+03 6.016437826339058120e+03
1.922060107246428288e+03 6.007928833881303945e+03
6.823668786632315459e+03 6.007928833881303945e+03
7.927422371868236041e+03 6.007928833881303945e+03
9.266367377478854905e+03 6.007928833881303945e+03
5.857962339444105965e+03 5.999419841422863101e+03
7.732634991894808991e+03 5.999419841422863101e+03
9.680259383964033987e+03 5.999419841422863101e+03
3.861703454296456584e+03 5.991104235157534276e+03
6.125826162864148500e+03 5.991104235157534276e+03
7.472876917322057125e+03 5.991104235157534276e+03
8.820052375608058355e+03 5.991104235157534276e+03
7.123955605437973645e+03 5.982595242699093433e+03
8.649582242174728890e+03 5.982595242699093433e+03
2.490210749470357314e+03 5.974086250241339258e+03
6.150143409402475299e+03 5.974086250241339258e+03
7.140167103130781470e+03 5.974086250241339258e+03
9.233944382093237436e+03 5.965577257783585992e+03
5.492829529867214660e+03 5.957068265325831817e+03
6.823668786632315459e+03 5.957068265325831817e+03
3.179947624393005754e+03 5.948752659059816324e+03
8.057239057238793976e+03 5.948752659059816324e+03
4.234942012720637649e+03 5.940243666602062149e+03
7.805586731513331870e+03 5.940243666602062149e+03
7.562164858461480435e+03 5.931734674144307974e+03
6.215114104003572720e+03 5.923225681685867130e+03
9.055368499814390816e+03 5.923225681685867130e+03
5.492829529867214660e+03 5.914910075420538305e+03
9.006734006734193827e+03 5.914910075420538305e+03
6.560668412525608346e+02 5.906401082962097462e+03
7.683875794988292000e+03 5.906401082962097462e+03
8.609053497943594266e+03 5.897892090504343287e+03
9.655942137423937311e+03 5.897892090504343287e+03
7.643347050755385681e+03 5.889383098046590021e+03
8.730764434468634136e+03 5.881067491780573619e+03
9.566654196284513091e+03 5.881067491780573619e+03
7.902980421500045850e+03 5.872558499322820353e+03
9.209627135553138942e+03 5.872558499322820353e+03
3.788627010849841099e+03 5.864049506865066178e+03
8.032921810700468086e+03 5.864049506865066178e+03
9.566654196284513091e+03 5.864049506865066178e+03
6.490958972441039805e+03 5.855540514407312003e+03
8.406160369124649151e+03 5.855540514407312003e+03
8.471131063723974876e+03 5.847224908141296510e+03
8.665918443697401017e+03 5.838715915683542335e+03
8.925551814442062096e+03 5.838715915683542335e+03
7.294425738871303110e+03 5.821697930767347316e+03
8.885023070209155776e+03 5.821697930767347316e+03
5.314253647588368040e+03 5.813382324502018491e+03
9.258261628633335931e+03 5.813382324502018491e+03
7.534605312392744736e+02 5.804873332043577648e+03
8.568524753710687946e+03 5.804873332043577648e+03
7.789375233820524045e+03 5.796364339585824382e+03
5.298042149893787609e+03 5.787855347128070207e+03
7.018456166605742510e+03 5.787855347128070207e+03
7.830028681881522971e+03 5.787855347128070207e+03
3.845367252775555698e+03 5.779346354670316032e+03
9.509789250530706340e+03 5.779346354670316032e+03
3.926549445069460944e+03 5.771030748404300539e+03
7.026561915451260575e+03 5.771030748404300539e+03
8.308766679137936080e+03 5.771030748404300539e+03
8.852475370993674005e+03 5.771030748404300539e+03
2.725526873674918988e+03 5.762521755946546364e+03
7.627135553062577856e+03 5.762521755946546364e+03
8.682129941390210661e+03 5.762521755946546364e+03
7.213243546577396955e+03 5.754012763488105520e+03
5.322359396433886104e+03 5.745503771030352254e+03
7.643347050755385681e+03 5.745503771030352254e+03
8.909340316747480756e+03 5.745503771030352254e+03
7.010350417758451840e+03 5.737188164765022520e+03
8.138421249532699221e+03 5.737188164765022520e+03
6.442324479362615421e+03 5.728679172306581677e+03
7.367377478489825080e+03 5.728679172306581677e+03
9.379972565158375801e+03 5.728679172306581677e+03
6.279960094774804929e+03 5.720170179848828411e+03
7.935528120713754106e+03 5.720170179848828411e+03
8.990522509041386002e+03 5.720170179848828411e+03
8.292555181445128255e+03 5.711661187391074236e+03
3.593839630878186199e+03 5.703345581125057834e+03
7.959845367253852601e+03 5.703345581125057834e+03
6.085172714803149574e+03 5.694836588667304568e+03
8.487342561416782701e+03 5.694836588667304568e+03
7.010350417758451840e+03 5.686327596209550393e+03
9.834518019704555627e+03 5.686327596209550393e+03
6.515276218981138300e+03 5.677818603751109549e+03
7.278214241178494376e+03 5.677818603751109549e+03
7.984162613792178490e+03 5.677818603751109549e+03
6.929168225464546595e+03 5.660994005028026550e+03
7.464771168474766455e+03 5.660994005028026550e+03
9.014839755581484496e+03 5.660994005028026550e+03
3.464022945505856114e+03 5.652485012569585706e+03
6.588352662427753785e+03 5.652485012569585706e+03
7.732634991894808991e+03 5.652485012569585706e+03
9.104127696720908716e+03 5.652485012569585706e+03
8.122085048011798790e+03 5.643976020111832440e+03
9.469260506297800021e+03 5.643976020111832440e+03
7.132061354283491710e+03 5.635660413845816038e+03
8.357525876044452161e+03 5.635660413845816038e+03
8.057239057238793976e+03 5.627151421388061863e+03
9.079685746352717615e+03 5.627151421388061863e+03
7.188926300037299370e+03 5.618642428930308597e+03
7.432348173089150805e+03 5.618642428930308597e+03
8.641476493329209916e+03 5.618642428930308597e+03
3.723656316248743678e+03 5.610133436472554422e+03
7.846240179574330796e+03 5.610133436472554422e+03
8.357525876044452161e+03 5.610133436472554422e+03
6.823668786632315459e+03 5.601624444014113578e+03
8.657687991022019560e+03 5.601624444014113578e+03
4.308018456167253134e+03 5.593308837748784754e+03
6.620775657813370344e+03 5.593308837748784754e+03
7.748846489587617725e+03 5.593308837748784754e+03
8.511659807956881195e+03 5.593308837748784754e+03
9.518019703206089616e+03 5.593308837748784754e+03
2.279211871805894134e+03 5.584799845291030579e+03
8.357525876044452161e+03 5.584799845291030579e+03
3.366629255519142589e+03 5.576290852832589735e+03
6.158249158249765060e+03 5.576290852832589735e+03
8.195161491458413366e+03 5.576290852832589735e+03
9.063474248659909790e+03 5.576290852832589735e+03
2.279211871805894134e+03 5.567781860374836469e+03
8.113979299164509030e+03 5.567781860374836469e+03
5.241177204139980859e+03 5.559466254108820067e+03
7.683875794988292000e+03 5.559466254108820067e+03
8.552188552189787515e+03 5.559466254108820067e+03
9.120339194413716541e+03 5.559466254108820067e+03
3.358523506671852374e+03 5.550957261651065892e+03
7.554059109615962370e+03 5.550957261651065892e+03
8.617159246789113240e+03 5.550957261651065892e+03
9.112233445568197567e+03 5.542448269193312626e+03
7.091532610052357086e+03 5.533939276735558451e+03
7.675770046141002240e+03 5.533939276735558451e+03
8.925551814442062096e+03 5.533939276735558451e+03
9.704576630502360786e+03 5.533939276735558451e+03
4.583863324604721129e+03 5.525623670469542049e+03
8.511659807956881195e+03 5.525623670469542049e+03
8.641476493329209916e+03 5.517114678011788783e+03
2.319740616037028303e+03 5.508605685554034608e+03
7.610924055369769121e+03 5.508605685554034608e+03
8.795735129069731556e+03 5.508605685554034608e+03
8.982416760195868846e+03 5.508605685554034608e+03
7.659558548448193505e+03 5.500096693095593764e+03
8.600947749096303596e+03 5.500096693095593764e+03
9.404289811698474296e+03 5.500096693095593764e+03
5.669036039412301307e+02 5.491781086830264940e+03
8.203267240305704036e+03 5.491781086830264940e+03
9.193415637860331117e+03 5.491781086830264940e+03
7.765057987280425550e+03 5.483272094371824096e+03
9.079685746352717615e+03 5.483272094371824096e+03
5.574011722161120815e+03 5.474763101914069921e+03
7.935528120713754106e+03 5.474763101914069921e+03
9.623519142038319842e+03 5.474763101914069921e+03
4.316124205014542895e+03 5.466254109456316655e+03
9.112233445568197567e+03 5.466254109456316655e+03
5.582117471006638880e+03 5.457938503190300253e+03
7.748846489587617725e+03 5.449429510732546078e+03
8.438583364510264801e+03 5.449429510732546078e+03
8.333083925676261060e+03 5.440920518274792812e+03
7.615662800847924245e+02 5.432411525817038637e+03
7.513530365383056051e+03 5.432411525817038637e+03
8.065344806086084645e+03 5.432411525817038637e+03
8.657687991022019560e+03 5.432411525817038637e+03
6.961715924680027456e+03 5.423902533358597793e+03
8.682129941390210661e+03 5.423902533358597793e+03
7.862451677267139530e+03 5.415586927093268969e+03
4.421623643846774939e+03 5.407077934634828125e+03
6.921062476619028530e+03 5.407077934634828125e+03
8.097767801471700295e+03 5.407077934634828125e+03
1.824666417259714763e+03 5.398568942177073950e+03
7.773163736127715310e+03 5.398568942177073950e+03
4.113231076195597780e+03 5.390059949719320684e+03
8.454919566031167051e+03 5.390059949719320684e+03
8.427484723786978975e+02 5.381744343453304282e+03
8.049133308393275911e+03 5.381744343453304282e+03
8.625264995636402091e+03 5.381744343453304282e+03
8.665918443697401017e+03 5.373235350995550107e+03
2.279211871805894134e+03 5.364726358537796841e+03
6.417882528994424320e+03 5.364726358537796841e+03
7.440453921936440565e+03 5.364726358537796841e+03
8.113979299164509030e+03 5.364726358537796841e+03
6.271854345929286865e+03 5.356217366080042666e+03
8.324978176830743905e+03 5.356217366080042666e+03
9.639730639731127667e+03 5.356217366080042666e+03
3.317870058610853448e+03 5.347901759814027173e+03
7.269983788503112009e+03 5.347901759814027173e+03
2.538845242548781698e+03 5.339392767356272998e+03
7.862451677267139530e+03 5.339392767356272998e+03
8.081556303778892470e+03 5.339392767356272998e+03
6.848110737000505651e+03 5.330883774897832154e+03
7.440453921936440565e+03 5.330883774897832154e+03
8.463025314878455902e+03 5.330883774897832154e+03
7.059109614664968831e+03 5.322374782440077979e+03
7.927422371868236041e+03 5.322374782440077979e+03
3.326100511286236269e+03 5.314059176174749155e+03
7.294425738871303110e+03 5.314059176174749155e+03
7.708317745354711406e+03 5.314059176174749155e+03
8.519765556802398351e+03 5.314059176174749155e+03
1.889637111860811956e+03 5.305550183716308311e+03
7.310637236564110935e+03 5.305550183716308311e+03
8.316872427983453235e+03 5.305550183716308311e+03
9.623519142038319842e+03 5.305550183716308311e+03
7.269983788503112009e+03 5.297041191258554136e+03
7.708317745354711406e+03 5.297041191258554136e+03
8.252026437212221936e+03 5.297041191258554136e+03
8.909340316747480756e+03 5.297041191258554136e+03
8.195161491458413366e+03 5.288532198800800870e+03
3.253024067839620784e+03 5.280023206343046695e+03
6.710063598952793654e+03 5.280023206343046695e+03
7.700211996509193341e+03 5.280023206343046695e+03
8.113979299164509030e+03 5.280023206343046695e+03
2.060107245292369043e+03 5.271707600077031202e+03
7.343060231949727495e+03 5.271707600077031202e+03
8.024816061853177416e+03 5.271707600077031202e+03
8.235814939519412292e+03 5.271707600077031202e+03
8.893128819054672931e+03 5.271707600077031202e+03
6.012220975184626695e+03 5.263198607619277027e+03
7.667664297293711570e+03 5.263198607619277027e+03
8.657687991022019560e+03 5.263198607619277027e+03
1.289063474249494675e+03 5.254689615161522852e+03
7.148272851976299535e+03 5.254689615161522852e+03
8.122085048011798790e+03 5.254689615161522852e+03
8.519765556802398351e+03 5.254689615161522852e+03
7.667664297293711570e+03 5.246180622703082008e+03
8.243920688364931266e+03 5.246180622703082008e+03
9.039157002119811295e+03 5.246180622703082008e+03
5.103254769922133164e+03 5.237865016437753184e+03
7.708317745354711406e+03 5.237865016437753184e+03
8.463025314878455902e+03 5.237865016437753184e+03
9.233944382093237436e+03 5.237865016437753184e+03
7.489213118842957556e+03 5.229356023979312340e+03
8.089662052626182231e+03 5.229356023979312340e+03
8.990522509041386002e+03 5.229356023979312340e+03
2.798603317123306169e+03 5.220847031521559074e+03
6.872427983538832450e+03 5.220847031521559074e+03
8.146526998379989891e+03 5.220847031521559074e+03
8.463025314878455902e+03 5.220847031521559074e+03
7.010350417758451840e+03 5.212338039063804899e+03
8.252026437212221936e+03 5.212338039063804899e+03
8.479236812571265546e+03 5.212338039063804899e+03
6.872427983538832450e+03 5.204022432797788497e+03
8.113979299164509030e+03 5.204022432797788497e+03
8.609053497943594266e+03 5.204022432797788497e+03
9.055368499814390816e+03 5.204022432797788497e+03
3.350417757826334309e+03 5.195513440340035231e+03
6.036538221724725190e+03 5.195513440340035231e+03
7.586482105001578930e+03 5.195513440340035231e+03
8.438583364510264801e+03 5.195513440340035231e+03
6.393565282454326734e+03 5.187004447882281056e+03
8.000374111484987225e+03 5.187004447882281056e+03
8.917446065594771426e+03 5.187004447882281056e+03
6.417882528994424320e+03 5.178495455424526881e+03
7.659558548448193505e+03 5.178495455424526881e+03
8.503554059109590526e+03 5.178495455424526881e+03
5.387330091034983525e+03 5.170179849158511388e+03
8.365631624891742831e+03 5.170179849158511388e+03
8.519765556802398351e+03 5.170179849158511388e+03
8.243920688364931266e+03 5.161670856700757213e+03
8.471131063723974876e+03 5.161670856700757213e+03
6.864322234693314385e+03 5.153161864242316369e+03
8.535977054496979690e+03 5.153161864242316369e+03
6.174460655942572885e+03 5.144652871784563104e+03
8.130315500687181157e+03 5.144652871784563104e+03
8.430477615662975950e+03 5.144652871784563104e+03
8.657687991022019560e+03 5.144652871784563104e+03
1.935403416889560333e+02 5.136337265519233370e+03
7.334954483102436825e+03 5.136337265519233370e+03
8.446813817185648077e+03 5.136337265519233370e+03
4.738121960345241860e+03 5.127828273060792526e+03
8.081556303778892470e+03 5.127828273060792526e+03
8.584736251403495771e+03 5.127828273060792526e+03
8.122085048011798790e+03 5.119319280603039260e+03
8.438583364510264801e+03 5.119319280603039260e+03
6.077066965955859814e+03 5.110810288145285085e+03
7.651452799600903745e+03 5.110810288145285085e+03
8.024816061853177416e+03 5.110810288145285085e+03
8.609053497943594266e+03 5.110810288145285085e+03
7.318742985409629000e+03 5.102301295687530910e+03
8.357525876044452161e+03 5.102301295687530910e+03
6.766928544706600405e+03 5.093985689421515417e+03
7.667664297293711570e+03 5.093985689421515417e+03
8.243920688364931266e+03 5.093985689421515417e+03
8.568524753710687946e+03 5.093985689421515417e+03
8.811946626762539381e+03 5.093985689421515417e+03
1.857214116473423701e+03 5.085476696963761242e+03
6.815563037785024790e+03 5.085476696963761242e+03
8.463025314878455902e+03 5.085476696963761242e+03
8.113979299164509030e+03 5.076967704505320398e+03
8.641476493329209916e+03 5.076967704505320398e+03
4.372864446938485344e+03 5.068458712047567133e+03
7.334954483102436825e+03 5.068458712047567133e+03
8.657687991022019560e+03 5.068458712047567133e+03
8.885023070209155776e+03 5.068458712047567133e+03
3.366629255519142589e+03 5.060143105782237399e+03
8.113979299164509030e+03 5.060143105782237399e+03
9.225838633245948586e+03 5.060143105782237399e+03
3.721162239695750600e+02 5.051634113323796555e+03
7.002244668911162080e+03 5.051634113323796555e+03
8.625264995636402091e+03 5.051634113323796555e+03
4.851727148024763665e+03 5.043125120866043289e+03
8.227584486844030835e+03 5.043125120866043289e+03
8.811946626762539381e+03 5.043125120866043289e+03
7.545953360768672610e+03 5.034616128408289114e+03
8.674024192542919991e+03 5.034616128408289114e+03
4.288564658935174521e+02 5.026300522142272712e+03
6.807457288939506725e+03 5.026300522142272712e+03
8.219478737998511860e+03 5.026300522142272712e+03
7.375483227335343145e+03 5.017791529684519446e+03
8.146526998379989891e+03 5.017791529684519446e+03
8.795735129069731556e+03 5.017791529684519446e+03
9.006734006734193827e+03 5.017791529684519446e+03
6.912956727771738770e+03 5.009282537226765271e+03
7.789375233820524045e+03 5.009282537226765271e+03
8.836263873300866180e+03 5.009282537226765271e+03
7.010350417758451840e+03 5.000773544768324427e+03
9.014839755581484496e+03 5.000773544768324427e+03
6.020326724031917365e+03 4.992457938502995603e+03
7.748846489587617725e+03 4.992457938502995603e+03
8.625264995636402091e+03 4.992457938502995603e+03
8.852475370993674005e+03 4.992457938502995603e+03
6.856216485846023716e+03 4.983948946045241428e+03
8.195161491458413366e+03 4.983948946045241428e+03
8.982416760195868846e+03 4.983948946045241428e+03
1.240428981171070291e+03 4.975439953586800584e+03
7.472876917322057125e+03 4.975439953586800584e+03
3.317870058610853448e+03 4.966930961129047319e+03
6.961715924680027456e+03 4.966930961129047319e+03
8.795735129069731556e+03 4.966930961129047319e+03
8.885023070209155776e+03 4.966930961129047319e+03
4.023943135054402319e+03 4.958615354863030916e+03
6.864322234693314385e+03 4.958615354863030916e+03
8.982416760195868846e+03 4.958615354863030916e+03
4.624516772665720055e+03 4.950106362405276741e+03
7.261878039655821340e+03 4.950106362405276741e+03
8.998628257888676671e+03 4.950106362405276741e+03
4.045392193551913351e+02 4.941597369947523475e+03
5.598328968699446705e+03 4.941597369947523475e+03
8.414266117970168125e+03 4.941597369947523475e+03
8.836263873300866180e+03 4.941597369947523475e+03
3.910337947374880969e+03 4.933088377489769300e+03
7.351165980797017255e+03 4.933088377489769300e+03
8.966080558673194901e+03 4.933088377489769300e+03
1.711061229580192958e+03 4.924579385031328457e+03
7.708317745354711406e+03 4.924579385031328457e+03
8.893128819054672931e+03 4.924579385031328457e+03
2.352163611424417013e+03 4.916263778765999632e+03
7.724529243047519230e+03 4.916263778765999632e+03
8.795735129069731556e+03 4.916263778765999632e+03
9.891258261628498076e+03 4.916263778765999632e+03
6.642972939279436559e+02 4.907754786308245457e+03
8.000374111484987225e+03 4.907754786308245457e+03
4.259259259260736144e+03 4.899245793849804613e+03
6.823668786632315459e+03 4.899245793849804613e+03
8.633370744481921065e+03 4.899245793849804613e+03
8.909340316747480756e+03 4.899245793849804613e+03
1.013218605812026794e+03 4.890736801392051348e+03
3.472128694351374179e+03 4.890736801392051348e+03
7.732634991894808991e+03 4.890736801392051348e+03
8.925551814442062096e+03 4.890736801392051348e+03
1.102506546951450218e+03 4.882421195126034945e+03
3.829155755082747419e+03 4.882421195126034945e+03
5.119466267614940989e+03 4.882421195126034945e+03
8.195161491458413366e+03 4.882421195126034945e+03
5.630751964085063264e+03 4.873912202668280770e+03
8.609053497943594266e+03 4.873912202668280770e+03
8.941763312134869921e+03 4.873912202668280770e+03
3.415263748597566973e+03 4.865403210210527504e+03
8.795735129069731556e+03 4.865403210210527504e+03
5.208754208754364299e+03 4.856894217752773329e+03
8.081556303778892470e+03 4.856894217752773329e+03
3.666916074324801230e+03 4.848578611486756927e+03
6.921062476619028530e+03 4.848578611486756927e+03
9.039157002119811295e+03 4.848578611486756927e+03
2.828282828283794856e+02 4.840069619029003661e+03
2.198029679511988888e+03 4.840069619029003661e+03
7.464771168474766455e+03 4.840069619029003661e+03
8.073450554933374406e+03 4.840069619029003661e+03
1.013218605812026794e+03 4.831560626571249486e+03
6.994138920065644015e+03 4.831560626571249486e+03
5.922933034045203385e+03 4.823051634112808642e+03
7.789375233820524045e+03 4.823051634112808642e+03
3.115101633620000939e+03 4.814736027847479818e+03
7.765057987280425550e+03 4.814736027847479818e+03
8.811946626762539381e+03 4.814736027847479818e+03
9.818181818181883500e+03 4.814736027847479818e+03
4.754333458038049685e+03 4.806227035389038974e+03
7.253772290810303275e+03 4.806227035389038974e+03
2.831026312508922729e+03 4.797718042931284799e+03
5.987779024816436504e+03 4.797718042931284799e+03
8.122085048011798790e+03 4.797718042931284799e+03
1.678638234194576853e+03 4.789209050473531533e+03
5.363012844494885030e+03 4.789209050473531533e+03
7.862451677267139530e+03 4.789209050473531533e+03
9.810076069336364526e+03 4.789209050473531533e+03
7.537847611923154545e+03 4.780893444207515131e+03
1.151141040029874603e+03 4.772384451749760956e+03
6.466641725900942220e+03 4.772384451749760956e+03
8.552188552189787515e+03 4.772384451749760956e+03
3.640104751222849586e+02 4.763875459292007690e+03
7.830028681881522971e+03 4.763875459292007690e+03
8.917446065594771426e+03 4.763875459292007690e+03
1.289063474249494675e+03 4.755366466834253515e+03
6.450430228208133485e+03 4.755366466834253515e+03
8.576630502556206920e+03 4.755366466834253515e+03
1.751714677641192111e+03 4.746857474375812671e+03
7.765057987280425550e+03 4.746857474375812671e+03
9.022945504427003470e+03 4.738541868110483847e+03
5.525252525252831219e+03 4.730032875652043003e+03
9.039157002119811295e+03 4.730032875652043003e+03
3.423369497444857188e+03 4.721523883194288828e+03
1.686743983041866841e+03 4.713014890736535563e+03
6.734380845492891240e+03 4.713014890736535563e+03
9.477366255145088871e+03 4.713014890736535563e+03
2.457663050256648603e+03 4.704699284470519160e+03
7.269983788503112009e+03 4.704699284470519160e+03
9.631624890883838816e+03 4.704699284470519160e+03
8.941763312134869921e+03 4.696190292012765894e+03
3.350417757826334309e+03 4.687681299555011719e+03
9.071579997507198641e+03 4.687681299555011719e+03
6.482853223593750045e+03 4.679172307097257544e+03
8.738870183315924805e+03 4.679172307097257544e+03
1.581244544207863100e+03 4.670856700831242051e+03
9.079685746352717615e+03 4.670856700831242051e+03
6.450430228208133485e+03 4.662347708373487876e+03
9.745230078563359712e+03 4.662347708373487876e+03
8.682129941390210661e+03 4.653838715915047032e+03
4.786756453423666244e+03 4.645329723457292857e+03
7.765057987280425550e+03 4.637014117191964033e+03
9.996757700462501816e+03 4.637014117191964033e+03
9.590971442824611586e+03 4.628505124733523189e+03
7.627135553062577856e+03 4.619996132275769924e+03
2.920314253648346039e+03 4.603171533551999346e+03
1.329716922310493601e+03 4.594662541094246080e+03
6.077066965955859814e+03 4.594662541094246080e+03
5.525252525252831219e+03 4.586153548636491905e+03
8.560419004863397276e+03 4.586153548636491905e+03
7.002244668911162080e+03 4.577644556178051062e+03
8.122085048011798790e+03 4.560819957454968062e+03
7.675770046141002240e+03 4.552310964996527218e+03
3.301658560918045168e+03 4.543801972538773953e+03
9.055368499814390816e+03 4.543801972538773953e+03
8.373737373737261805e+03 4.535292980081019778e+03
9.347549569772760151e+03 4.535292980081019778e+03
6.961715924680027456e+03 4.526977373815003375e+03
7.586482105001578930e+03 4.518468381357250109e+03
1.530115974560496568e+02 4.509959388899495934e+03
5.484723781019924900e+03 4.509959388899495934e+03
8.414266117970168125e+03 4.509959388899495934e+03
3.788627010849841099e+03 4.501450396441055091e+03
1.611173463033397866e+02 4.493134790175726266e+03
7.472876917322057125e+03 4.493134790175726266e+03
5.947250280583530184e+03 4.476116805259531247e+03
8.373737373737261805e+03 4.476116805259531247e+03
2.116847487218083188e+03 4.467607812801777982e+03
9.526125452051606771e+03 4.467607812801777982e+03
8.414266117970168125e+03 4.459292206536448248e+03
5.289936401048269545e+03 4.450783214078007404e+03
8.893128819054672931e+03 4.450783214078007404e+03
6.945379723157354420e+03 4.442274221620254139e+03
4.989649582242611359e+03 4.433765229162499963e+03
1.540715799974956781e+03 4.425256236704059120e+03
9.031051253274292321e+03 4.425256236704059120e+03
1.123581493968227392e+02 4.416940630438730295e+03
6.215114104003572720e+03 4.416940630438730295e+03
3.431599950118467859e+03 4.408431637980976120e+03
5.971567527123627769e+03 4.408431637980976120e+03
6.912956727771738770e+03 4.399922645522535277e+03
6.799351540092216965e+03 4.391413653064782011e+03
6.296171592469385359e+03 4.383098046799452277e+03
8.876917321361865106e+03 4.383098046799452277e+03
6.912956727771738770e+03 4.374589054341011433e+03
8.901234567901963601e+03 4.374589054341011433e+03
9.444943259759473221e+03 4.374589054341011433e+03
2.341937897499551013e+02 4.366080061883258168e+03
9.461154757452281046e+03 4.366080061883258168e+03
5.638857712932353024e+03 4.357571069425503993e+03
9.704576630502360786e+03 4.357571069425503993e+03
5.606434717546736465e+03 4.349255463159487590e+03
9.144656440953815036e+03 4.349255463159487590e+03
7.048260381608500893e+02 4.340746470701734324e+03
7.967951116099370665e+03 4.340746470701734324e+03
5.630751964085063264e+03 4.332237478243980149e+03
7.554059109615962370e+03 4.332237478243980149e+03
9.818181818181883500e+03 4.332237478243980149e+03
2.335952113729836583e+03 4.323728485785539306e+03
6.028432472877435430e+03 4.315412879520210481e+03
7.132061354283491710e+03 4.306903887062456306e+03
1.849108367627905636e+03 4.298394894604015462e+03
7.048260381608500893e+02 4.289885902146262197e+03
6.215114104003572720e+03 4.289885902146262197e+03
8.195161491458413366e+03 4.289885902146262197e+03
7.210375358536581416e+02 4.281570295880245794e+03
5.614540466392254530e+03 4.273061303422491619e+03
8.235814939519412292e+03 4.273061303422491619e+03
2.498316498317647529e+03 4.264552310964738354e+03
2.546950991396071913e+03 4.256043318506984178e+03
7.391819428856244485e+03 4.256043318506984178e+03
1.508168100761247842e+03 4.247534326048543335e+03
8.195161491458413366e+03 4.247534326048543335e+03
8.996134181325051031e+02 4.239218719783214510e+03
9.996757700462501816e+03 4.239218719783214510e+03
6.766928544706600405e+03 4.230709727325460335e+03
7.123955605437973645e+03 4.222200734867019492e+03
3.650704576631993405e+03 4.213691742409266226e+03
6.028432472877435430e+03 4.213691742409266226e+03
9.915575508168596571e+03 4.213691742409266226e+03
5.452176081806215734e+03 4.205376136143249823e+03
5.922933034045203385e+03 4.196867143685495648e+03
8.203267240305704036e+03 4.196867143685495648e+03
8.227584486844030835e+03 4.188358151227742383e+03
6.393565282454326734e+03 4.179849158769988207e+03
5.346676642973984599e+03 4.171533552503972714e+03
9.542336949744414596e+03 4.163024560046218539e+03
2.709315375982110709e+03 4.154515567588464364e+03
7.513530365383056051e+03 4.154515567588464364e+03
5.273724903355461720e+03 4.137690968864694696e+03
9.972440453922403321e+03 4.137690968864694696e+03
1.646215238808960521e+03 4.129181976406253852e+03
6.515276218981138300e+03 4.129181976406253852e+03
8.771417882529633061e+03 4.129181976406253852e+03
2.198029679511988888e+03 4.120672983948499677e+03
6.393565282454326734e+03 4.120672983948499677e+03
1.427110612297207354e+03 4.112163991490746412e+03
6.279960094774804929e+03 4.112163991490746412e+03
4.478363885772489084e+03 4.103848385224730009e+03
2.473999251777549489e+03 4.095339392766976289e+03
5.143908217983132090e+03 4.086830400309222568e+03
4.519017333833488010e+03 4.078321407851468848e+03
4.543334580371814809e+03 4.069812415393028004e+03
8.235814939519412292e+03 4.069812415393028004e+03
4.527123082679006075e+03 4.052987816669257882e+03
7.838134430727041035e+03 4.052987816669257882e+03
5.574011722161120815e+03 4.044478824211504161e+03
8.893128819054672931e+03 4.044478824211504161e+03
2.628133183689977159e+03 4.027654225487734038e+03
8.682129941390210661e+03 4.027654225487734038e+03
5.249407656815363225e+03 4.019145233029980318e+03
3.098765432099100053e+03 4.010636240572226598e+03
8.333083925676261060e+03 4.010636240572226598e+03
7.210375358536581416e+02 4.002127248114472877e+03
2.181818181819180609e+03 3.993811641848456475e+03
9.558548447437222421e+03 3.993811641848456475e+03
3.666916074324801230e+03 3.985302649390702754e+03
7.480982666167575189e+03 3.985302649390702754e+03
7.188926300037299370e+03 3.976793656932261911e+03
3.147524629007389194e+03 3.968284664474508190e+03
9.112233445568197567e+03 3.968284664474508190e+03
5.135677765307748814e+03 3.959969058209178911e+03
7.269983788503112009e+03 3.959969058209178911e+03
4.454046639232391499e+03 3.951460065750738067e+03
6.929168225464546595e+03 3.951460065750738067e+03
3.098765432099100053e+03 3.942951073292984347e+03
2.214241177204796713e+03 3.934442080835230627e+03
6.783140042399408230e+03 3.926126474569214679e+03
7.513530365383056051e+03 3.917617482111460504e+03
9.193415637860331117e+03 3.917617482111460504e+03
2.747225339828614779e+02 3.909108489653706783e+03
5.898615787505105800e+03 3.909108489653706783e+03
7.781269484973233375e+03 3.909108489653706783e+03
5.750093527885202320e+02 3.900599497195265940e+03
4.226836263873347889e+03 3.900599497195265940e+03
8.219478737998511860e+03 3.900599497195265940e+03
8.162738496072797716e+03 3.892090504737512219e+03
5.289936401048269545e+03 3.883774898472182940e+03
7.821922933034232301e+03 3.883774898472182940e+03
6.036538221724725190e+03 3.875265906013742097e+03
8.089662052626182231e+03 3.866756913555988376e+03
6.886145404662697729e+02 3.858247921098234656e+03
8.187055742611123605e+03 3.858247921098234656e+03
5.127572016462230749e+03 3.841423322374464533e+03
7.773163736127715310e+03 3.841423322374464533e+03
5.955356029430819945e+03 3.832914329916710813e+03
3.804838508542649379e+03 3.824405337458269969e+03
6.734380845492891240e+03 3.824405337458269969e+03
4.535228831526296744e+03 3.816089731192941144e+03
6.677640603567177095e+03 3.816089731192941144e+03
8.162738496072797716e+03 3.816089731192941144e+03
5.914827285197913625e+03 3.799071746276746126e+03
1.873425614166231753e+03 3.790562753818992405e+03
6.693852101259984920e+03 3.790562753818992405e+03
1.508168100761247842e+03 3.782247147553663581e+03
3.066342436713483949e+03 3.782247147553663581e+03
6.734380845492891240e+03 3.782247147553663581e+03
8.427484723786978975e+02 3.773738155095222737e+03
7.862451677267139530e+03 3.773738155095222737e+03
7.197032048884589130e+03 3.765229162637468562e+03
7.615662800847924245e+02 3.756720170179714842e+03
4.640728270358527880e+03 3.756720170179714842e+03
2.097518393817641709e+02 3.748404563913698894e+03
6.393565282454326734e+03 3.748404563913698894e+03
9.339443820925469481e+03 3.748404563913698894e+03
6.734380845492891240e+03 3.739895571455945174e+03
1.216111734630972023e+03 3.731386578998191453e+03
4.730016211497951190e+03 3.731386578998191453e+03
6.750717047013792580e+03 3.731386578998191453e+03
9.347549569772760151e+03 3.722877586539750610e+03
4.113231076195597780e+03 3.714368594081996434e+03
2.303529118344220478e+03 3.706052987816667610e+03
6.466641725900942220e+03 3.706052987816667610e+03
2.895872303280154938e+03 3.697543995358226766e+03
8.154632747225507956e+03 3.697543995358226766e+03
5.184436962216038410e+03 3.689035002900473046e+03
5.874173837136914699e+03 3.672210404176702923e+03
2.504052874427632389e+02 3.663701411718949203e+03
6.904850978926220705e+03 3.663701411718949203e+03
3.967202893128688174e+03 3.655192419261195482e+03
6.580246913580463115e+03 3.655192419261195482e+03
2.230452674897604993e+03 3.646683426802754639e+03
6.580246913580463115e+03 3.638367820537425359e+03
6.560668412525608346e+02 3.629858828079671639e+03
9.158249158253132691e+02 3.621349835621230795e+03
5.565905973313830145e+03 3.621349835621230795e+03
9.644594089037375397e+02 3.612840843163477075e+03
4.299912707319963374e+03 3.612840843163477075e+03
2.863449307894538833e+03 3.604525236897460672e+03
8.795735129069731556e+03 3.604525236897460672e+03
9.158249158253132691e+02 3.596016244439706952e+03
5.939144531738012120e+03 3.587507251981953232e+03
6.328719291683093616e+03 3.578998259524199511e+03
4.746227709190759924e+03 3.570682653258183109e+03
5.500935278714505330e+03 3.562173660800429388e+03
2.238558423744895208e+03 3.545155675884234824e+03
4.097019578501018259e+03 3.545155675884234824e+03
8.925551814442062096e+03 3.545155675884234824e+03
5.857962339444105965e+03 3.536646683426481104e+03
9.436837510912182552e+03 3.536646683426481104e+03
4.251153510413445474e+03 3.528331077160464702e+03
8.803840877915248711e+03 3.528331077160464702e+03
2.465768799102166668e+03 3.519822084702710981e+03
5.549569771792929714e+03 3.519822084702710981e+03
7.943633869561044776e+03 3.519822084702710981e+03
9.428731762064893701e+03 3.519822084702710981e+03
1.118718044644258271e+03 3.511313092244957261e+03
6.442324479362615421e+03 3.511313092244957261e+03
9.970071081192186284e+02 3.502804099787203540e+03
6.393565282454326734e+03 3.502804099787203540e+03
4.267365008106254209e+03 3.494488493521187138e+03
8.600947749096303596e+03 3.494488493521187138e+03
9.725651577510277548e+02 3.485979501063433418e+03
3.699339069710417789e+03 3.485979501063433418e+03
6.831774535479605220e+03 3.485979501063433418e+03
6.858710562819015699e+00 3.477470508605679697e+03
6.353036538223192110e+03 3.477470508605679697e+03
8.495448310264073370e+03 3.468961516147238854e+03
2.344057862577126798e+03 3.460645909881909574e+03
6.344930789375902350e+03 3.460645909881909574e+03
2.344057862577126798e+03 3.443627924965715010e+03
7.886768923807237115e+03 3.443627924965715010e+03
4.161865569274022164e+03 3.435118932507961290e+03
7.586482105001578930e+03 3.418294333784191167e+03
3.155630377852907259e+03 3.409785341326437447e+03
7.619029804215287186e+03 3.409785341326437447e+03
7.643347050755385681e+03 3.401276348868683726e+03
1.297293926924877496e+03 3.392767356410242883e+03
7.659558548448193505e+03 3.392767356410242883e+03
5.306147898741078279e+03 3.384451750144913603e+03
6.912956727771738770e+03 3.375942757686472760e+03
5.561790747110822508e+01 3.358924772770965319e+03
3.756204015464224995e+03 3.350609166504948917e+03
7.984162613792178490e+03 3.350609166504948917e+03
6.912956727771738770e+03 3.342100174047195196e+03
1.686743983041866841e+03 3.333591181589441476e+03
4.340441451552869694e+03 3.333591181589441476e+03
8.195161491458413366e+03 3.333591181589441476e+03
6.921062476619028530e+03 3.325082189131687755e+03
1.735503179948384059e+03 3.316766582865671353e+03
7.237560793117495450e+03 3.316766582865671353e+03
4.892255892255897379e+03 3.308257590407917633e+03
8.454919566031167051e+03 3.308257590407917633e+03
7.635241301908095920e+03 3.299748597949476789e+03
7.708317745354711406e+03 3.291239605491723069e+03
5.127572016462230749e+03 3.282923999226393789e+03
6.328719291683093616e+03 3.282923999226393789e+03
5.646963461779642785e+03 3.274415006767952946e+03
8.195161491458413366e+03 3.274415006767952946e+03
1.767926175334000163e+03 3.265906014310199225e+03
5.565905973313830145e+03 3.265906014310199225e+03
1.792243421874098431e+03 3.257397021852445505e+03
3.399052250904758694e+03 3.249081415586429557e+03
6.904850978926220705e+03 3.240572423128675837e+03
3.244918318992331024e+03 3.232063430670921662e+03
5.703828407533450445e+03 3.232063430670921662e+03
8.357525876044452161e+03 3.232063430670921662e+03
3.326100511286236269e+03 3.223554438212480818e+03
6.255642848236479040e+03 3.223554438212480818e+03
5.622646215239545199e+03 3.215045445754727098e+03
1.061853098890451065e+03 3.206729839489398273e+03
9.168973687492140016e+03 3.206729839489398273e+03
1.483850854221149575e+03 3.198220847030957430e+03
3.528868936277088778e+03 3.198220847030957430e+03
6.207008355156282050e+03 3.198220847030957430e+03
8.252026437212221936e+03 3.198220847030957430e+03
3.407157999752048909e+03 3.189711854573203254e+03
9.858835266242882426e+03 3.189711854573203254e+03
1.159246788877164818e+03 3.181202862115449534e+03
9.915575508168596571e+03 3.181202862115449534e+03
9.858835266242882426e+03 3.172887255849433586e+03
3.058236687866193733e+03 3.164378263391679866e+03
5.598328968699446705e+03 3.164378263391679866e+03
6.271854345929286865e+03 3.155869270933925691e+03
3.512657438584280499e+03 3.147360278475484847e+03
6.028432472877435430e+03 3.147360278475484847e+03
9.875046763935690251e+03 3.147360278475484847e+03
4.413517894999484270e+03 3.139044672210156023e+03
9.875046763935690251e+03 3.130535679752402302e+03
5.452176081806215734e+03 3.122026687293961459e+03
8.787629380222440886e+03 3.113517694836207284e+03
4.567651826911912394e+03 3.105202088570878459e+03
9.948123207382304827e+03 3.105202088570878459e+03
2.839132061354440339e+03 3.096693096112437615e+03
3.528868936277088778e+03 3.079675111196929720e+03
8.260132186059510786e+03 3.079675111196929720e+03
8.276343683752320430e+03 3.071359504930913772e+03
3.309764309765335383e+03 3.062850512473160052e+03
3.804838508542649379e+03 3.054341520015406331e+03
6.839880284325123284e+03 3.054341520015406331e+03
8.268237934905029761e+03 3.054341520015406331e+03
3.804838508542649379e+03 3.037323535099211313e+03
3.025813692480577629e+03 3.029007928833882488e+03
8.617159246789113240e+03 3.029007928833882488e+03
5.947250280583530184e+03 3.020498936375441644e+03
4.045392193551913351e+02 3.011989943917687924e+03
2.587604439457070839e+03 3.011989943917687924e+03
6.929168225464546595e+03 3.011989943917687924e+03
3.561416635490797489e+03 3.003480951459933749e+03
1.159246788877164818e+03 2.995165345193917801e+03
5.500935278714505330e+03 2.995165345193917801e+03
7.635241301908095920e+03 2.995165345193917801e+03
8.990522509041386002e+03 2.995165345193917801e+03
7.310637236564110935e+03 2.986656352736164081e+03
5.500935278714505330e+03 2.978147360278410360e+03
6.231325601696380545e+03 2.969638367819969517e+03
2.928420002495636254e+03 2.944304776638445674e+03
6.560668412525608346e+02 2.935795784180691953e+03
8.276343683752320430e+03 2.935795784180691953e+03
1.191794488090873756e+03 2.927480177914675551e+03
9.655942137423937311e+03 2.927480177914675551e+03
2.920314253648346039e+03 2.910462192999168110e+03
5.005861079935419184e+03 2.901953200541414390e+03
9.453049008604992196e+03 2.901953200541414390e+03
3.721162239695750600e+02 2.893637594275397987e+03
6.336825040528611680e+03 2.893637594275397987e+03
8.589599700715060635e+02 2.868110616901449703e+03
7.156378600823590205e+03 2.868110616901449703e+03
2.709315375982110709e+03 2.859601624443695982e+03
6.190672153635381619e+03 2.859601624443695982e+03
2.887766554434636873e+03 2.851286018177679580e+03
8.746975932161441960e+03 2.825759040804418419e+03
5.947250280583530184e+03 2.817443434538402016e+03
9.307020825539853831e+03 2.808934442080648296e+03
1.548821548822246996e+03 2.800425449622894575e+03
8.746975932161441960e+03 2.800425449622894575e+03
5.281830652200979785e+03 2.783600850899124453e+03
3.747973562788842173e+03 2.775091858440683609e+03
7.172714802344490636e+03 2.775091858440683609e+03
5.257513405662653895e+03 2.766582865982929889e+03
2.504052874427632389e+02 2.758073873525176168e+03
5.574011722161120815e+03 2.758073873525176168e+03
5.281830652200979785e+03 2.741249274801406045e+03
4.316124205014542895e+03 2.732740282343652325e+03
8.081556303778892470e+03 2.724231289885898605e+03
4.113231076195597780e+03 2.715915683619882657e+03
4.251153510413445474e+03 2.707406691162128482e+03
2.636238932535495223e+03 2.698897698703687638e+03
2.912208504801055824e+03 2.690388706245933918e+03
6.190672153635381619e+03 2.690388706245933918e+03
9.970071081192186284e+02 2.681879713788180197e+03
5.330465145281176774e+03 2.681879713788180197e+03
2.352163611424417013e+03 2.673564107522164250e+03
9.193415637860331117e+03 2.673564107522164250e+03
3.731762065096033893e+03 2.665055115064410074e+03
5.322359396433886104e+03 2.656546122606656354e+03
8.016585609179566745e+03 2.656546122606656354e+03
4.088913829655499740e+03 2.648037130148902634e+03
5.549569771792929714e+03 2.639721523882886686e+03
6.921062476619028530e+03 2.631212531425132511e+03
6.247537099389188370e+03 2.614194546508937947e+03
3.756204015464224995e+03 2.605878940243609122e+03
8.252026437212221936e+03 2.605878940243609122e+03
1.751714677641192111e+03 2.597369947785168279e+03
6.953610175832737696e+03 2.597369947785168279e+03
4.129442573888406514e+03 2.588860955327414104e+03
6.961715924680027456e+03 2.580351962869660383e+03
2.587604439457070839e+03 2.572036356603644435e+03
7.253772290810303275e+03 2.572036356603644435e+03
1.191794488090873756e+03 2.563527364145890715e+03
7.562164858461480435e+03 2.563527364145890715e+03
9.120339194413716541e+03 2.555018371688136540e+03
8.235814939519412292e+03 2.546509379229695696e+03
2.473999251777549489e+03 2.538000386771941976e+03
9.737124329717842556e+03 2.538000386771941976e+03
3.082553934406292228e+03 2.529684780506613151e+03
8.617159246789113240e+03 2.529684780506613151e+03
3.123207382467291154e+03 2.521175788048172308e+03
5.460406534481599010e+03 2.521175788048172308e+03
6.858710562819015699e+00 2.512666795590418133e+03
6.637111859334270775e+03 2.512666795590418133e+03
9.534231200898897441e+03 2.512666795590418133e+03
3.577628133183605769e+03 2.504157803132664412e+03
9.242050130938756411e+03 2.504157803132664412e+03
3.958972440455077503e+03 2.495842196866648464e+03
2.457663050256648603e+03 2.487333204408894744e+03
4.088913829655499740e+03 2.478824211951141024e+03
8.949869060980387076e+03 2.478824211951141024e+03
5.262501558802309773e+02 2.470315219492700180e+03
6.986033171218354255e+03 2.470315219492700180e+03
2.839132061354440339e+03 2.461999613227370901e+03
9.128444943261007211e+03 2.461999613227370901e+03
3.488340192044182459e+03 2.444981628311176337e+03
3.123207382467291154e+03 2.436472635853422616e+03
7.148272851976299535e+03 2.436472635853422616e+03
3.139418880160099434e+03 2.428157029588093337e+03
7.838134430727041035e+03 2.428157029588093337e+03
1.832896869935097584e+03 2.419648037129652494e+03
7.172714802344490636e+03 2.419648037129652494e+03
3.147524629007389194e+03 2.411139044671898773e+03
2.904102755955537759e+03 2.402630052214145053e+03
5.711934156378968510e+03 2.402630052214145053e+03
9.477366255145088871e+03 2.402630052214145053e+03
3.407157999752048909e+03 2.394314445948128650e+03
3.204264870933103794e+03 2.385805453490374930e+03
9.412520264372085876e+03 2.385805453490374930e+03
2.206135428357506953e+03 2.377296461032621210e+03
5.152013966828650155e+03 2.368787468574180366e+03
1.500062351915729778e+03 2.360278476116426646e+03
9.307020825539853831e+03 2.360278476116426646e+03
3.691233320863127574e+03 2.351962869851097366e+03
1.865319865320713916e+03 2.343453877392656523e+03
8.787629380222440886e+03 2.343453877392656523e+03
4.332335702707351629e+03 2.334944884934902802e+03
8.438583364510264801e+03 2.334944884934902802e+03
5.152013966828650155e+03 2.326435892477149082e+03
5.866068088291396634e+03 2.318120286211132679e+03
9.315126574387142682e+03 2.318120286211132679e+03
2.417134306023742283e+03 2.309611293753378959e+03
5.671280708317969584e+03 2.309611293753378959e+03
9.599077191670128741e+03 2.309611293753378959e+03
1.589350293055153315e+03 2.301102301295625239e+03
7.691981543833810065e+03 2.301102301295625239e+03
9.818181818181883500e+03 2.301102301295625239e+03
1.670532485347286638e+03 2.292593308837184395e+03
9.160867938646622861e+03 2.292593308837184395e+03
8.349420127198935006e+03 2.275768710114101395e+03
5.111360518769422924e+03 2.267259717655660552e+03
2.473999251777549489e+03 2.258750725197906831e+03
6.872427983538832450e+03 2.258750725197906831e+03
4.486469634618007149e+03 2.250435118931890429e+03
4.502805836140680185e+03 2.233417134016382988e+03
9.201521386707621787e+03 2.224908141558629268e+03
6.155380970196545150e+02 2.216592535292612865e+03
4.502805836140680185e+03 2.216592535292612865e+03
6.190672153635381619e+03 2.216592535292612865e+03
3.520763187429798563e+03 2.208083542834859145e+03
6.158249158249765060e+03 2.199574550377105425e+03
1.694849731887384905e+03 2.191065557918664581e+03
7.951739618406562840e+03 2.191065557918664581e+03
6.150143409402475299e+03 2.174240959194894458e+03
1.987030801845753558e+03 2.165731966737140738e+03
3.374735004364660654e+03 2.165731966737140738e+03
5.768674398304682654e+03 2.165731966737140738e+03
5.062726025689226844e+03 2.140398375555616894e+03
7.813817184188715146e+03 2.140398375555616894e+03
2.757949869062307243e+03 2.131889383097863174e+03
2.652450430228303503e+03 2.123380390640109454e+03
1.857214116473423701e+03 2.106555791916339331e+03
2.806709065968824234e+03 2.098046799457898487e+03
7.529741863075863876e+03 2.098046799457898487e+03
9.112233445568197567e+03 2.089537807000144767e+03
8.925551814442062096e+03 2.081028814542391046e+03
2.798603317123306169e+03 2.072713208276375099e+03
4.989649582242611359e+03 2.064204215818620924e+03
9.501683501683415670e+03 2.064204215818620924e+03
2.822920563661632514e+03 2.055695223360867203e+03
9.168973687492140016e+03 2.055695223360867203e+03
1.621897992268862254e+03 2.047186230903113483e+03
4.876044394563089554e+03 2.038870624637097308e+03
4.194413268487731330e+03 2.030361632179343587e+03
4.941015089164186975e+03 2.030361632179343587e+03
7.408030926550824006e+03 2.021852639720902744e+03
9.371866816311085131e+03 2.021852639720902744e+03
4.202519017335021090e+03 2.013343647263149023e+03
7.935528120713754106e+03 2.013343647263149023e+03
5.663174959472451519e+03 2.004834654805395076e+03
7.992268362639469160e+03 2.004834654805395076e+03
4.981543833397093294e+03 1.996519048539378900e+03
3.285447063225237343e+03 1.970992071166117512e+03
8.755081681008732630e+03 1.970992071166117512e+03
4.730016211497951190e+03 1.962676464900101337e+03
8.576630502556206920e+03 1.962676464900101337e+03
3.488340192044182459e+03 1.954167472442347616e+03
8.113979299164509030e+03 1.954167472442347616e+03
5.005861079935419184e+03 1.945658479983906773e+03
6.888639481233411971e+03 1.937149487526153052e+03
3.350417757826334309e+03 1.928833881260823773e+03
8.406160369124649151e+03 1.928833881260823773e+03
9.209627135553138942e+03 1.920324888802382929e+03
6.791245791246698900e+03 1.911815896344629209e+03
4.251153510413445474e+03 1.894991297620859314e+03
9.347549569772760151e+03 1.886482305163105366e+03
8.508542212259879989e+02 1.877973312705351645e+03
2.295423369498702414e+03 1.869464320246910802e+03
7.472876917322057125e+03 1.869464320246910802e+03
7.050879161991358160e+03 1.852639721523828030e+03
1.589350293055153315e+03 1.844130729065387186e+03
1.670532485347286638e+03 1.835621736607633238e+03
3.934655193914979009e+03 1.835621736607633238e+03
8.665918443697401017e+03 1.835621736607633238e+03
1.289063474249494675e+03 1.827112744149879518e+03
7.050879161991358160e+03 1.827112744149879518e+03
4.981543833397093294e+03 1.810288145426109622e+03
7.911086170345563914e+03 1.810288145426109622e+03
6.190672153635381619e+03 1.801779152968355675e+03
7.659558548448193505e+03 1.801779152968355675e+03
3.528868936277088778e+03 1.793270160509914831e+03
7.050879161991358160e+03 1.793270160509914831e+03
7.521636114228574115e+03 1.784954554244585779e+03
1.670532485347286638e+03 1.776445561786832059e+03
4.867938645717571490e+03 1.776445561786832059e+03
7.099638358897875150e+03 1.776445561786832059e+03
1.199900236938163744e+03 1.767936569328391215e+03
6.953610175832737696e+03 1.767936569328391215e+03
7.343060231949727495e+03 1.767936569328391215e+03
9.347549569772760151e+03 1.767936569328391215e+03
3.423369497444857188e+03 1.759427576870637267e+03
5.906721536352395560e+03 1.759427576870637267e+03
7.489213118842957556e+03 1.759427576870637267e+03
9.250155879786047080e+03 1.759427576870637267e+03
4.867938645717571490e+03 1.751111970605308215e+03
6.653323357027078600e+03 1.751111970605308215e+03
8.746975932161441960e+03 1.751111970605308215e+03
7.210375358536581416e+02 1.742602978146867372e+03
5.646963461779642785e+03 1.742602978146867372e+03
7.172714802344490636e+03 1.742602978146867372e+03
3.001371742112386528e+03 1.734093985689113651e+03
5.914827285197913625e+03 1.734093985689113651e+03
7.424242424243632740e+03 1.734093985689113651e+03
4.892255892255897379e+03 1.725584993231359704e+03
8.333083925676261060e+03 1.725584993231359704e+03
3.634368375109320368e+03 1.717269386965343529e+03
7.050879161991358160e+03 1.717269386965343529e+03
5.354907095649366966e+03 1.708760394507589808e+03
8.893128819054672931e+03 1.708760394507589808e+03
1.854345928434380539e+02 1.700251402049836088e+03
7.148272851976299535e+03 1.691742409591395244e+03
3.407157999752048909e+03 1.683233417133641296e+03
9.534231200898897441e+03 1.683233417133641296e+03
5.703828407533450445e+03 1.674917810868312245e+03
9.371866816311085131e+03 1.674917810868312245e+03
1.524504302282148728e+03 1.666408818409871401e+03
8.284449432597837585e+03 1.657899825952117681e+03
1.548821548822246996e+03 1.641075227228347558e+03
9.542336949744414596e+03 1.641075227228347558e+03
9.401421623654114228e+02 1.624057242312840117e+03
7.188926300037299370e+03 1.624057242312840117e+03
1.824666417259714763e+03 1.615548249854399273e+03
3.756204015464224995e+03 1.615548249854399273e+03
6.109614665171340675e+03 1.615548249854399273e+03
1.524504302282148728e+03 1.607232643589070221e+03
1.516398553436630664e+03 1.590214658672875430e+03
3.642474123956610583e+03 1.590214658672875430e+03
8.252026437212221936e+03 1.581705666215121710e+03
4.721910462652433125e+03 1.573390059949105535e+03
1.370245666543400148e+03 1.564881067491351814e+03
8.852475370993674005e+03 1.556372075033597866e+03
2.555056740243362128e+03 1.547863082575844146e+03
1.345928420003301881e+03 1.539547476309827971e+03
8.276343683752320430e+03 1.539547476309827971e+03
5.663174959472451519e+03 1.531038483852074251e+03
7.310637236564110935e+03 1.531038483852074251e+03
4.778650704578148179e+03 1.522529491394320303e+03
1.694849731887384905e+03 1.505511506478125739e+03
6.166354907097054820e+03 1.505511506478125739e+03
1.123581493968227392e+02 1.497195900212109564e+03
5.752462900611874829e+03 1.497195900212109564e+03
5.776780147151973324e+03 1.488686907754355843e+03
1.548821548822246996e+03 1.480177915296601896e+03
5.793116348672873755e+03 1.480177915296601896e+03
2.990397805211875948e+02 1.471668922838848175e+03
5.273724903355461720e+03 1.471668922838848175e+03
5.857962339444105965e+03 1.463353316572832000e+03
2.676767676768401543e+03 1.454844324115078280e+03
4.957226586856994800e+03 1.446335331657324332e+03
1.354034168850591868e+03 1.437826339198883488e+03
2.173712432971890394e+03 1.429510732933554436e+03
4.689362763436952264e+03 1.421001740475113593e+03
1.337822671156011666e+03 1.412492748017359872e+03
5.979673275970918439e+03 1.412492748017359872e+03
2.181818181819180609e+03 1.403983755559605925e+03
7.862451677267139530e+03 1.403983755559605925e+03
1.337822671156011666e+03 1.395668149293589750e+03
2.990397805211875948e+02 1.387159156835836029e+03
6.929168225464546595e+03 1.387159156835836029e+03
3.675021823170319294e+03 1.378650164378082309e+03
9.599077191670128741e+03 1.370141171920328588e+03
1.151141040029874603e+03 1.361825565654312413e+03
7.391819428856244485e+03 1.361825565654312413e+03
1.410899114604399074e+03 1.344807580738117622e+03
4.583863324604721129e+03 1.344807580738117622e+03
3.309764309765335383e+03 1.327789595822610181e+03
6.515276218981138300e+03 1.327789595822610181e+03
5.338570894126693929e+03 1.319473989556594006e+03
9.664047886271226162e+03 1.319473989556594006e+03
3.204264870933103794e+03 1.310964997098840058e+03
3.821050006235457204e+03 1.302456004641086338e+03
7.399925177703534246e+03 1.293947012183332617e+03
5.262501558802309773e+02 1.285631405917316442e+03
6.977927422372836190e+03 1.285631405917316442e+03
9.807956104264105761e+02 1.277122413459562495e+03
5.306147898741078279e+03 1.277122413459562495e+03
8.284449432597837585e+03 1.268613421001121651e+03
1.711061229580192958e+03 1.260104428543367931e+03
4.575757575757430459e+03 1.260104428543367931e+03
6.052749719417533925e+03 1.251788822278038879e+03
3.683127572017609509e+03 1.243279829819598035e+03
7.838134430727041035e+03 1.243279829819598035e+03
9.558548447437222421e+03 1.234770837361844087e+03
9.599077191670128741e+03 1.226261844904090367e+03
2.579498690609780624e+03 1.217946238638074192e+03
2.871555056740056898e+03 1.209437246180320471e+03
8.373737373737261805e+03 1.209437246180320471e+03
1.849108367627905636e+03 1.200928253722566524e+03
6.961715924680027456e+03 1.200928253722566524e+03
9.298790372864470555e+03 1.192419261264125680e+03
3.163736126700197474e+03 1.175594662541042908e+03
2.920314253648346039e+03 1.167085670082602064e+03
7.048260381608500893e+02 1.158576677624848116e+03
6.701957850107275590e+03 1.158576677624848116e+03
5.160119715675939915e+03 1.150067685167094396e+03
3.188053373238523818e+03 1.141752078901078221e+03
7.367377478489825080e+03 1.133243086443324501e+03
9.323232323232661656e+03 1.124734093985570780e+03
9.320364135181213214e+02 1.116225101527129937e+03
7.148272851976299535e+03 1.116225101527129937e+03
8.292555181445128255e+03 1.116225101527129937e+03
7.129317870063680402e+02 1.107909495261800657e+03
6.669534854719887335e+03 1.107909495261800657e+03
8.203267240305704036e+03 1.099400502804046937e+03
4.032048883901692534e+03 1.090891510345606093e+03
5.208754208754364299e+03 1.082382517887852373e+03
6.353036538223192110e+03 1.074066911622523094e+03
3.472128694351374179e+03 1.065557919164082250e+03
4.510911584986198250e+03 1.057048926706328530e+03
4.949120838009705039e+03 1.048539934248574809e+03
8.406160369124649151e+03 1.048539934248574809e+03
1.280957725402204460e+03 1.040224327982558634e+03
6.279960094774804929e+03 1.040224327982558634e+03
4.730016211497951190e+03 1.023206343067050966e+03
3.926549445069460944e+03 1.014697350608610122e+03
1.216111734630972023e+03 1.006381744343280957e+03
4.275470756953543969e+03 1.006381744343280957e+03
8.162738496072797716e+03 1.006381744343280957e+03
1.204638982423407185e+02 9.978727518855272365e+02
3.926549445069460944e+03 9.893637594270863929e+02
7.472876917322057125e+03 9.893637594270863929e+02
4.478363885772489084e+03 9.723457745115787247e+02
6.831774535479605220e+03 9.640301682455625496e+02
4.462152388079681259e+03 9.555211757878088292e+02
1.459533607682823458e+03 9.470121833300549952e+02
3.845367252775555698e+03 9.470121833300549952e+02
8.446813817185648077e+03 9.385031908716141515e+02
5.663174959472451519e+03 9.216785921485312656e+02
4.299912707319963374e+03 9.131695996900904220e+02
4.981543833397093294e+03 9.046606072323365879e+02
9.785758822796266031e+03 8.963450009663204128e+02
9.563536600582195888e+02 8.878360085085666924e+02
3.236812570146812959e+03 8.793270160508128583e+02
8.414266117970168125e+03 8.793270160508128583e+02
3.683127572017609509e+03 8.708180235930590243e+02
8.503554059109590526e+03 8.708180235930590243e+02
1.175458286569972870e+03 8.625024173270428491e+02
9.274473126326143756e+03 8.625024173270428491e+02
2.335952113729836583e+03 8.539934248692891288e+02
2.585110362900533687e+02 8.369754399530944511e+02
9.412520264372085876e+03 8.369754399530944511e+02
7.197032048884589130e+03 8.284664474953406170e+02
5.257513405662653895e+03 8.201508412293244419e+02
9.907469759321305901e+03 8.201508412293244419e+02
9.144656440953815036e+03 8.116418487715707215e+02
5.314253647588368040e+03 7.946238638560631671e+02
3.382840753211950869e+03 7.863082575900469919e+02
7.773163736127715310e+03 7.777992651322931579e+02
1.037535852352124948e+03 7.692902726745393238e+02
2.076318742986949019e+03 7.524656739507694283e+02
9.509789250530706340e+03 7.524656739507694283e+02
3.233570270612858621e+02 7.439566814923285847e+02
3.480234443198664394e+03 7.354476890345747506e+02
3.488340192044182459e+03 7.186230903108047414e+02
8.996134181325051031e+02 7.101140978530510210e+02
8.508542212259879989e+02 7.016051053952971870e+02
9.388078314005666471e+03 7.016051053952971870e+02
5.793116348672873755e+03 6.930961129375433529e+02
9.428731762064893701e+03 6.930961129375433529e+02
1.540715799974956781e+03 6.847805066715272915e+02
4.730016211497951190e+03 6.677625217553326138e+02
4.259259259260736144e+03 6.592535292975787797e+02
8.365631624891742831e+03 6.592535292975787797e+02
9.720788128196940306e+03 6.507445368398250594e+02
4.243047761566155714e+03 6.424289305738088842e+02
4.695099139545164917e+02 6.254109456583012161e+02
5.119466267614940989e+03 6.254109456583012161e+02
5.606434717546736465e+03 6.169019532005474957e+02
8.430477615662975950e+03 6.085863469345313206e+02
4.559546078064622634e+03 6.000773544767774865e+02
8.365631624891742831e+03 5.915683620183366429e+02
4.876044394563089554e+03 5.830593695605828088e+02
9.907469759321305901e+03 5.830593695605828088e+02
3.350417757826334309e+03 5.747437632952537570e+02
1.808454919566906710e+03 5.662347708368129133e+02
4.892255892255897379e+03 5.662347708368129133e+02
8.941763312134869921e+03 5.662347708368129133e+02
3.593839630878186199e+03 5.577257783790590793e+02
7.683875794988292000e+03 5.492167859213053589e+02
8.576630502556206920e+03 5.409011796552891838e+02
1.621897992268862254e+03 5.323921871975353497e+02
6.028432472877435430e+03 5.238831947397815156e+02
8.519765556802398351e+03 5.153742022813406720e+02
1.646215238808960521e+03 5.070585960160115633e+02
7.278214241178494376e+03 4.985496035582577861e+02
1.954607806460137226e+03 4.900406110998169424e+02
1.451427858835533470e+03 4.815316186420631652e+02
9.144656440953815036e+03 4.815316186420631652e+02
9.614665170224246538e+01 4.730226261843093312e+02
6.839880284325123284e+03 4.730226261843093312e+02
6.564035415887655290e+03 4.561980274605393788e+02
5.176331213368748649e+03 4.476890350027856016e+02
5.744357151764585069e+03 4.391800425443447580e+02
4.486469634618007149e+03 4.308644362790156492e+02
9.274473126326143756e+03 4.308644362790156492e+02
6.093278463648667639e+03 4.138464513628209716e+02
7.610924055369769121e+03 3.970218526397380856e+02
4.600074822297528954e+03 3.885128601812972420e+02
9.655942137423937311e+03 3.631792689997734556e+02
6.929168225464546595e+03 3.546702765420196783e+02
4.283576505799062033e+03 3.461612840842659011e+02
8.203267240305704036e+03 3.461612840842659011e+02
6.288065843622094690e+03 3.293366853604959488e+02
7.805586731513331870e+03 3.293366853604959488e+02
6.560668412525608346e+02 3.208276929027421147e+02
4.340441451552869694e+03 3.208276929027421147e+02
7.148272851976299535e+03 3.208276929027421147e+02
6.507170470133848539e+03 3.123187004443012711e+02
2.392817059483643789e+03 3.038097079865474939e+02
6.661429105874369270e+03 3.038097079865474939e+02
7.813817184188715146e+03 3.038097079865474939e+02
6.398553435597527823e+02 2.953007155287937167e+02
1.159246788877164818e+03 2.869851092627775415e+02
8.316872427983453235e+03 2.869851092627775415e+02
6.967202893135599879e+02 2.784761168050237643e+02
6.710063598952793654e+03 2.784761168050237643e+02
9.453049008604992196e+03 2.784761168050237643e+02
4.989649582242611359e+03 2.699671243472699302e+02
8.568524753710687946e+03 2.614581318888290866e+02
2.133058984910891468e+03 2.531425256234999779e+02
8.316872427983453235e+03 2.446335331657461722e+02
2.052001496446850979e+03 2.361245407073053570e+02
6.758822795861082341e+03 2.361245407073053570e+02
8.057239057238793976e+03 2.361245407073053570e+02
8.885023070209155776e+03 2.276155482495515514e+02
6.864322234693314385e+03 2.192999419835353763e+02
2.141164733758181683e+03 2.107909495257815706e+02
1.500062351915729778e+03 2.022819570680277934e+02
7.732634991894808991e+03 2.022819570680277934e+02
8.105873550318990965e+03 1.937729646102739878e+02
7.291432846991762062e+02 1.854573583442578126e+02
7.408030926550824006e+03 1.854573583442578126e+02
1.686743983041866841e+03 1.599303809703093862e+02
7.927422371868236041e+03 1.599303809703093862e+02
4.380970195785776014e+03 1.516147747049802774e+02
3.640104751222849586e+02 1.431057822465394338e+02
9.014839755581484496e+03 1.431057822465394338e+02
5.087043272229324430e+03 1.345967897887856282e+02
5.233071455294462794e+03 1.175788048732780453e+02
8.398054620277358481e+03 1.175788048732780453e+02
1.021324354657544745e+03 1.092631986072618702e+02
7.002244668911162080e+03 1.092631986072618702e+02
4.583863324604721129e+03 1.007542061495080787e+02
8.446813817185648077e+03 1.007542061495080787e+02
7.026561915451260575e+03 9.224521369175428731e+01
8.373737373737261805e+03 7.542061496798432074e+01
5.338570894126693929e+03 6.691162250954347712e+01
8.576630502556206920e+03 6.691162250954347712e+01
5.354907095649366966e+03 5.840263005178968569e+01
3.366629255519142589e+03 4.989363759403589427e+01
8.925551814442062096e+03 4.989363759403589427e+01
8.398054620277358481e+03 4.157803132801971913e+01
5.192542711061556474e+03 2.456004641251213272e+01
8.381843122584550656e+03 1.605105395475834129e+01
3.958972440455077503e+03 7.735447688742167927e+00
8.227584486844030835e+03 7.735447688742167927e+00
